Gender,Senior Citizen,Partner,Dependents,Tenure Months,Phone Service,Multiple Lines,Internet Service,Online Security,Online Backup,Device Protection,Tech Support,Streaming TV,Streaming Movies,Contract,Paperless Billing,Payment Method,Monthly Charges,Total Charges,CLTV
Male,No,No,No,35,No,No phone service,DSL,No,No,Yes,No,Yes,Yes,Month-to-month,No,Electronic check,49.2,1701.65,2782
Male,No,Yes,Yes,15,Yes,No,Fiber optic,Yes,No,No,No,No,No,Month-to-month,No,Mailed check,75.1,1151.55,4634
Male,No,Yes,Yes,13,No,No phone service,DSL,Yes,Yes,No,Yes,No,No,Two year,No,Mailed check,40.55,590.35,2898
Female,No,Yes,No,26,Yes,No,DSL,No,Yes,Yes,No,Yes,Yes,Two year,Yes,Credit card (automatic),73.5,1905.7,3596
Male,No,Yes,Yes,1,Yes,No,DSL,No,No,No,No,No,No,Month-to-month,No,Electronic check,44.55,44.55,3408
Male,No,No,Yes,66,Yes,No,DSL,No,Yes,Yes,Yes,Yes,Yes,Two year,Yes,Credit card (automatic),79.5,5196.1,4285
Female,No,No,No,1,Yes,No,No,No internet service,No internet service,No internet service,No internet service,No internet service,No internet service,Month-to-month,No,Credit card (automatic),19.8,19.8,3129
Female,No,Yes,No,40,Yes,Yes,DSL,No,Yes,No,No,No,No,Month-to-month,No,Credit card (automatic),56.6,2379.1,3359
Female,No,Yes,No,65,Yes,No,DSL,No,No,No,Yes,Yes,No,Two year,Yes,Credit card (automatic),59.8,3808.2,6034
Female,No,No,No,60,Yes,Yes,DSL,No,No,Yes,Yes,Yes,Yes,One year,No,Credit card (automatic),80.55,4847.05,4159
Female,Yes,No,No,5,Yes,No,DSL,Yes,Yes,No,Yes,No,No,Month-to-month,No,Credit card (automatic),59.9,287.85,3662
Female,No,Yes,Yes,5,Yes,No,DSL,Yes,No,No,No,No,No,Month-to-month,Yes,Mailed check,49.4,232.55,5756
Female,No,No,No,2,Yes,No,DSL,Yes,No,No,No,No,No,Month-to-month,No,Mailed check,50.95,123.05,5968
Male,No,Yes,Yes,30,Yes,Yes,DSL,Yes,Yes,Yes,Yes,No,No,Month-to-month,No,Electronic check,67.6,2000.2,4104
Male,No,Yes,No,36,Yes,Yes,Fiber optic,No,No,No,No,Yes,Yes,Month-to-month,Yes,Electronic check,95.4,3474.2,5111
Female,No,Yes,Yes,55,Yes,No,Fiber optic,No,No,No,No,No,No,Two year,Yes,Credit card (automatic),69.05,3842.6,4318
Female,No,No,No,31,Yes,Yes,Fiber optic,Yes,No,Yes,No,No,No,Month-to-month,Yes,Credit card (automatic),84.75,2613.4,3727
Female,Yes,Yes,Yes,28,No,No phone service,DSL,No,No,No,No,Yes,No,Month-to-month,Yes,Electronic check,35.9,973.65,5444
Male,No,No,No,16,Yes,No,No,No internet service,No internet service,No internet service,No internet service,No internet service,No internet service,Two year,No,Credit card (automatic),18.95,326.8,4726
Male,No,No,No,6,Yes,No,No,No internet service,No internet service,No internet service,No internet service,No internet service,No internet service,Month-to-month,No,Bank transfer (automatic),20.15,130.5,5761
Male,Yes,Yes,No,27,Yes,Yes,Fiber optic,Yes,No,Yes,No,No,No,One year,Yes,Electronic check,85.9,2220.1,5755
Male,No,No,No,58,Yes,Yes,No,No internet service,No internet service,No internet service,No internet service,No internet service,No internet service,Two year,Yes,Credit card (automatic),25.3,1474.35,4477
Male,No,Yes,Yes,72,Yes,Yes,Fiber optic,Yes,Yes,Yes,Yes,No,Yes,Two year,Yes,Credit card (automatic),104.9,7732.65,6378
Female,No,No,No,28,No,No phone service,DSL,No,No,Yes,Yes,No,No,Month-to-month,Yes,Mailed check,35.75,961.4,2431
Male,No,Yes,Yes,40,Yes,No,Fiber optic,No,No,Yes,No,Yes,No,One year,Yes,Electronic check,85.05,3355.65,5904
Male,No,No,No,1,Yes,No,No,No internet service,No internet service,No internet service,No internet service,No internet service,No internet service,Month-to-month,No,Mailed check,20.5,20.5,3731
Female,No,No,No,5,Yes,No,Fiber optic,No,No,No,No,No,Yes,Month-to-month,Yes,Electronic check,80.0,412.5,3937
Female,No,No,No,1,Yes,No,Fiber optic,No,No,No,No,No,No,Month-to-month,Yes,Electronic check,69.2,69.2,4073
Female,No,No,Yes,12,Yes,Yes,Fiber optic,No,Yes,Yes,No,Yes,Yes,Month-to-month,Yes,Electronic check,105.3,1275.65,5913
Male,No,No,No,5,Yes,No,Fiber optic,No,No,No,Yes,Yes,Yes,Month-to-month,Yes,Electronic check,96.1,453.4,4192
Male,No,Yes,No,71,Yes,No,DSL,Yes,Yes,Yes,Yes,Yes,Yes,Two year,Yes,Bank transfer (automatic),86.1,6045.9,6286
Male,No,No,No,3,Yes,Yes,Fiber optic,No,No,No,No,No,No,Month-to-month,Yes,Electronic check,76.95,228.4,4428
Female,No,Yes,No,30,Yes,No,No,No internet service,No internet service,No internet service,No internet service,No internet service,No internet service,Month-to-month,No,Bank transfer (automatic),19.65,655.85,2486
Female,No,Yes,No,25,Yes,No,No,No internet service,No internet service,No internet service,No internet service,No internet service,No internet service,One year,Yes,Bank transfer (automatic),20.2,507.9,4129
Male,No,Yes,Yes,52,Yes,Yes,No,No internet service,No internet service,No internet service,No internet service,No internet service,No internet service,Two year,No,Mailed check,24.55,1331.05,5535
Female,Yes,No,No,46,Yes,Yes,Fiber optic,Yes,Yes,Yes,No,Yes,Yes,One year,Yes,Electronic check,110.0,4874.8,2403
Male,No,No,No,9,Yes,No,Fiber optic,No,No,No,No,No,No,Month-to-month,Yes,Electronic check,70.5,597.9,3198
Female,No,Yes,No,19,Yes,Yes,Fiber optic,No,No,No,No,Yes,No,Month-to-month,Yes,Electronic check,86.85,1564.4,5072
Female,No,No,No,12,Yes,No,DSL,No,Yes,No,No,No,No,Month-to-month,Yes,Electronic check,49.4,611.65,5007
Male,Yes,Yes,No,45,Yes,Yes,Fiber optic,No,Yes,Yes,Yes,Yes,No,One year,Yes,Bank transfer (automatic),98.7,4525.8,2535
Female,No,Yes,Yes,36,Yes,Yes,Fiber optic,Yes,No,Yes,No,Yes,Yes,Month-to-month,Yes,Credit card (automatic),104.5,3684.95,4102
Male,No,No,No,38,Yes,Yes,Fiber optic,No,Yes,Yes,No,No,Yes,Month-to-month,Yes,Credit card (automatic),95.1,3691.2,5393
Male,No,Yes,Yes,1,Yes,No,No,No internet service,No internet service,No internet service,No internet service,No internet service,No internet service,Month-to-month,No,Mailed check,19.2,19.2,3007
Male,No,Yes,No,10,Yes,Yes,Fiber optic,No,No,Yes,No,Yes,Yes,Month-to-month,Yes,Electronic check,98.5,1037.75,4501
Male,No,Yes,Yes,13,Yes,No,DSL,No,No,No,No,No,No,Month-to-month,No,Bank transfer (automatic),44.8,559.2,4680
Male,No,No,No,18,Yes,Yes,DSL,No,No,Yes,Yes,Yes,Yes,One year,Yes,Credit card (automatic),82.0,1425.45,3306
Female,No,Yes,No,37,No,No phone service,DSL,Yes,No,No,Yes,Yes,No,Two year,No,Electronic check,45.4,1593.1,4051
Male,No,No,Yes,5,Yes,No,No,No internet service,No internet service,No internet service,No internet service,No internet service,No internet service,Month-to-month,No,Credit card (automatic),20.35,122.0,3161
Male,No,No,No,11,Yes,No,Fiber optic,No,Yes,No,No,No,No,Month-to-month,No,Electronic check,74.95,815.5,4251
Male,No,No,Yes,64,Yes,No,Fiber optic,No,Yes,No,Yes,Yes,Yes,Month-to-month,Yes,Credit card (automatic),99.15,6171.2,4590
Male,No,No,No,1,Yes,No,DSL,No,No,No,No,No,Yes,Month-to-month,No,Mailed check,55.55,55.55,2207
Male,Yes,Yes,No,37,Yes,Yes,Fiber optic,No,No,No,No,Yes,Yes,Month-to-month,Yes,Electronic check,92.5,3473.4,4127
Female,No,Yes,Yes,48,Yes,Yes,Fiber optic,Yes,Yes,No,No,Yes,Yes,Month-to-month,Yes,Credit card (automatic),105.25,4997.5,4275
Male,Yes,Yes,No,20,Yes,Yes,Fiber optic,No,No,No,No,Yes,Yes,Month-to-month,Yes,Electronic check,94.55,1899.65,5604
Female,No,No,No,26,Yes,Yes,DSL,Yes,Yes,No,No,Yes,No,Month-to-month,Yes,Bank transfer (automatic),69.5,1800.05,3866
Female,No,No,No,30,Yes,No,No,No internet service,No internet service,No internet service,No internet service,No internet service,No internet service,Two year,No,Credit card (automatic),19.4,578.5,3986
Female,No,No,No,69,Yes,Yes,DSL,Yes,Yes,No,Yes,No,No,Two year,Yes,Mailed check,66.9,4577.9,5059
Male,No,Yes,No,63,Yes,Yes,DSL,Yes,Yes,Yes,Yes,Yes,Yes,Two year,Yes,Credit card (automatic),89.4,5597.65,5004
Male,No,Yes,No,5,Yes,No,No,No internet service,No internet service,No internet service,No internet service,No internet service,No internet service,Month-to-month,No,Mailed check,19.35,126.05,3864
Male,No,Yes,No,39,Yes,No,No,No internet service,No internet service,No internet service,No internet service,No internet service,No internet service,Two year,Yes,Bank transfer (automatic),20.45,790.0,2165
Male,No,No,No,4,Yes,Yes,Fiber optic,No,Yes,No,No,Yes,Yes,Month-to-month,Yes,Electronic check,101.7,364.55,2777
Male,No,Yes,No,60,Yes,Yes,Fiber optic,No,No,Yes,No,Yes,Yes,Two year,No,Credit card (automatic),101.15,6067.4,5301
Male,No,Yes,No,19,Yes,Yes,Fiber optic,No,No,Yes,Yes,Yes,Yes,Month-to-month,No,Electronic check,103.3,2012.7,2349
Female,No,Yes,No,11,Yes,Yes,Fiber optic,No,Yes,No,No,Yes,Yes,Month-to-month,Yes,Electronic check,102.0,1145.35,5750
Female,Yes,No,No,31,Yes,Yes,Fiber optic,No,Yes,No,No,Yes,Yes,Month-to-month,Yes,Electronic check,99.95,3186.65,5362
Male,No,No,No,30,Yes,No,Fiber optic,Yes,Yes,Yes,No,No,No,Month-to-month,Yes,Credit card (automatic),84.3,2438.6,5393
Male,No,No,No,53,Yes,Yes,No,No internet service,No internet service,No internet service,No internet service,No internet service,No internet service,Two year,No,Mailed check,24.6,1279.0,4610
Female,No,No,No,5,Yes,No,Fiber optic,No,Yes,No,Yes,No,Yes,Month-to-month,Yes,Electronic check,89.35,461.7,4584
Male,Yes,No,No,51,Yes,Yes,Fiber optic,No,Yes,No,No,No,No,One year,Yes,Bank transfer (automatic),79.6,3974.7,4673
Female,No,Yes,No,71,Yes,Yes,DSL,Yes,Yes,Yes,Yes,Yes,Yes,Two year,No,Credit card (automatic),89.3,6388.65,4658
Female,No,No,Yes,61,Yes,Yes,No,No internet service,No internet service,No internet service,No internet service,No internet service,No internet service,Two year,Yes,Credit card (automatic),25.0,1498.35,4673
Male,Yes,No,No,8,Yes,No,Fiber optic,No,Yes,No,No,No,No,Month-to-month,Yes,Electronic check,74.5,606.55,4345
Male,No,Yes,No,10,Yes,No,DSL,Yes,No,No,Yes,No,No,Month-to-month,Yes,Credit card (automatic),54.95,568.85,3519
Female,No,Yes,No,12,No,No phone service,DSL,No,No,Yes,No,Yes,Yes,Month-to-month,Yes,Bank transfer (automatic),49.85,617.15,2873
Male,No,Yes,No,66,Yes,Yes,DSL,No,No,No,Yes,No,Yes,Month-to-month,No,Electronic check,63.85,4264.6,5956
Male,No,No,No,24,Yes,No,DSL,Yes,Yes,No,Yes,No,No,Month-to-month,No,Bank transfer (automatic),60.45,1440.75,5095
Female,No,Yes,Yes,4,Yes,No,DSL,No,Yes,No,Yes,No,No,Month-to-month,No,Mailed check,56.5,235.1,5758
Female,No,No,No,4,Yes,Yes,Fiber optic,No,Yes,No,No,No,Yes,Month-to-month,Yes,Electronic check,88.95,355.2,5948
Female,No,No,Yes,35,Yes,No,DSL,Yes,Yes,No,No,No,No,One year,No,Credit card (automatic),55.6,2016.45,5964
Female,Yes,No,No,45,Yes,No,Fiber optic,Yes,Yes,No,Yes,No,No,Month-to-month,Yes,Bank transfer (automatic),85.7,3778.1,5397
Male,No,No,No,65,Yes,Yes,Fiber optic,Yes,No,Yes,Yes,Yes,Yes,One year,Yes,Credit card (automatic),110.0,7138.65,6351
Female,No,Yes,Yes,14,Yes,No,Fiber optic,No,No,No,No,No,Yes,Month-to-month,Yes,Bank transfer (automatic),80.9,1152.8,2563
Female,No,Yes,Yes,61,No,No phone service,DSL,Yes,Yes,No,Yes,No,Yes,One year,Yes,Bank transfer (automatic),50.7,3088.75,5024
Male,No,Yes,Yes,68,Yes,No,Fiber optic,Yes,No,Yes,No,No,No,Two year,No,Credit card (automatic),80.35,5375.15,5954
Female,No,Yes,No,23,Yes,No,DSL,Yes,Yes,No,Yes,No,No,One year,Yes,Mailed check,57.75,1282.85,3794
Female,No,No,No,55,Yes,No,Fiber optic,No,Yes,Yes,No,No,No,Month-to-month,Yes,Electronic check,81.55,4509.5,5167
Male,No,Yes,Yes,69,Yes,Yes,No,No internet service,No internet service,No internet service,No internet service,No internet service,No internet service,Two year,No,Bank transfer (automatic),24.45,1718.2,5295
Female,No,Yes,No,7,Yes,No,DSL,Yes,No,Yes,Yes,Yes,Yes,Month-to-month,No,Bank transfer (automatic),81.25,580.1,5928
Female,No,Yes,No,72,Yes,Yes,Fiber optic,Yes,No,No,No,No,No,Two year,No,Bank transfer (automatic),79.05,5730.7,4689
Female,No,Yes,Yes,61,Yes,No,DSL,Yes,No,No,No,No,No,One year,Yes,Bank transfer (automatic),49.7,2961.4,4577
Male,Yes,Yes,No,64,Yes,No,Fiber optic,Yes,No,Yes,No,No,No,One year,No,Credit card (automatic),80.3,5017.7,4270
Female,Yes,Yes,No,32,Yes,Yes,Fiber optic,No,No,No,No,Yes,Yes,Month-to-month,Yes,Electronic check,93.2,2931.0,5247
Female,No,No,No,1,Yes,Yes,Fiber optic,No,No,Yes,No,No,No,Month-to-month,Yes,Mailed check,79.55,79.55,5571
Male,No,No,No,3,Yes,No,Fiber optic,Yes,No,No,Yes,No,No,Month-to-month,Yes,Mailed check,82.3,214.4,5755
Male,No,No,Yes,3,Yes,No,No,No internet service,No internet service,No internet service,No internet service,No internet service,No internet service,Month-to-month,No,Bank transfer (automatic),20.2,50.6,3594
Female,No,Yes,No,72,Yes,Yes,DSL,Yes,No,Yes,Yes,Yes,Yes,Two year,Yes,Credit card (automatic),84.4,6096.45,5046
Female,No,No,Yes,26,No,No phone service,DSL,No,No,Yes,No,No,No,Month-to-month,Yes,Mailed check,29.8,786.5,3746
Male,No,No,No,39,Yes,No,Fiber optic,Yes,No,Yes,No,Yes,Yes,Two year,Yes,Electronic check,100.45,3801.7,2698
Female,No,No,No,1,Yes,No,No,No internet service,No internet service,No internet service,No internet service,No internet service,No internet service,Month-to-month,No,Mailed check,19.55,19.55,5750
Female,No,No,No,1,Yes,No,No,No internet service,No internet service,No internet service,No internet service,No internet service,No internet service,Month-to-month,Yes,Mailed check,19.5,19.5,5279
Female,No,Yes,Yes,56,Yes,No,Fiber optic,No,No,No,No,Yes,Yes,One year,No,Bank transfer (automatic),88.9,4968.0,4170
Female,Yes,Yes,No,43,Yes,Yes,Fiber optic,No,No,Yes,Yes,Yes,Yes,One year,Yes,Electronic check,107.55,4533.9,4423
Female,No,No,Yes,1,Yes,Yes,No,No internet service,No internet service,No internet service,No internet service,No internet service,No internet service,Month-to-month,No,Mailed check,25.4,25.4,4556
Male,No,No,No,29,Yes,Yes,DSL,No,Yes,Yes,No,No,Yes,One year,No,Credit card (automatic),70.9,1964.6,2064
Male,No,No,No,2,Yes,Yes,Fiber optic,No,Yes,No,No,No,No,Month-to-month,Yes,Electronic check,82.0,184.65,3051
Male,No,No,No,68,Yes,No,Fiber optic,No,Yes,Yes,No,No,No,One year,No,Credit card (automatic),79.6,5461.45,5210
Male,No,Yes,Yes,67,Yes,Yes,Fiber optic,No,Yes,No,No,No,Yes,Month-to-month,Yes,Bank transfer (automatic),89.55,6373.1,6111
Female,No,Yes,Yes,19,Yes,Yes,No,No internet service,No internet service,No internet service,No internet service,No internet service,No internet service,Two year,Yes,Bank transfer (automatic),24.9,467.7,5396
Male,No,Yes,Yes,66,No,No phone service,DSL,No,Yes,Yes,No,Yes,Yes,Two year,Yes,Credit card (automatic),56.75,3708.4,5748
Female,No,Yes,No,4,No,No phone service,DSL,Yes,No,No,No,No,No,Month-to-month,Yes,Electronic check,29.05,129.6,3306
Female,No,Yes,Yes,9,Yes,No,No,No internet service,No internet service,No internet service,No internet service,No internet service,No internet service,Two year,No,Mailed check,19.75,210.65,2427
Male,Yes,Yes,No,53,Yes,Yes,Fiber optic,No,Yes,Yes,No,Yes,Yes,Month-to-month,Yes,Electronic check,103.85,5485.5,5860
Female,No,No,No,23,Yes,No,No,No internet service,No internet service,No internet service,No internet service,No internet service,No internet service,Month-to-month,Yes,Mailed check,19.5,470.2,5652
Female,No,Yes,No,50,Yes,Yes,Fiber optic,Yes,Yes,No,Yes,Yes,Yes,One year,No,Electronic check,108.55,5610.7,4274
Male,No,No,No,2,Yes,No,Fiber optic,No,Yes,No,No,No,No,Month-to-month,No,Electronic check,74.95,151.75,3969
Female,No,Yes,No,59,Yes,No,No,No internet service,No internet service,No internet service,No internet service,No internet service,No internet service,One year,No,Mailed check,20.35,1267.0,5757
Male,No,Yes,No,63,Yes,Yes,DSL,Yes,Yes,Yes,No,Yes,Yes,Two year,No,Credit card (automatic),83.5,5435.0,4652
Female,No,Yes,No,25,Yes,No,DSL,Yes,Yes,No,Yes,No,Yes,Month-to-month,Yes,Mailed check,71.05,1837.7,5620
Female,No,No,No,14,Yes,Yes,Fiber optic,No,No,Yes,No,No,No,Month-to-month,Yes,Electronic check,80.45,1072.0,4155
Male,No,Yes,No,65,Yes,Yes,DSL,Yes,Yes,Yes,No,No,No,One year,No,Credit card (automatic),67.05,4309.55,5224
Male,Yes,Yes,No,69,No,No phone service,DSL,Yes,Yes,No,No,Yes,Yes,Two year,No,Credit card (automatic),56.55,3952.65,4162
Female,No,Yes,No,21,Yes,No,Fiber optic,No,Yes,No,No,No,No,Month-to-month,Yes,Bank transfer (automatic),74.05,1565.7,5630
Male,No,Yes,Yes,43,Yes,Yes,Fiber optic,Yes,No,Yes,Yes,No,No,One year,Yes,Credit card (automatic),91.25,4013.8,5884
Male,Yes,Yes,No,71,Yes,Yes,Fiber optic,Yes,Yes,Yes,Yes,No,No,One year,Yes,Electronic check,92.0,6585.2,4322
Male,No,No,Yes,19,No,No phone service,DSL,No,No,No,No,No,No,Month-to-month,Yes,Credit card (automatic),25.35,566.1,3072
Female,No,No,No,40,Yes,No,No,No internet service,No internet service,No internet service,No internet service,No internet service,No internet service,Two year,No,Credit card (automatic),19.65,830.25,3878
Female,No,No,No,9,Yes,Yes,Fiber optic,No,No,No,No,No,Yes,Month-to-month,Yes,Electronic check,83.3,803.3,3520
Male,No,No,No,58,Yes,Yes,Fiber optic,No,Yes,Yes,No,Yes,Yes,One year,Yes,Bank transfer (automatic),103.25,6017.65,6105
Female,No,No,No,1,Yes,No,No,No internet service,No internet service,No internet service,No internet service,No internet service,No internet service,Month-to-month,No,Bank transfer (automatic),19.9,19.9,2010
Male,No,Yes,Yes,47,Yes,Yes,Fiber optic,Yes,Yes,Yes,Yes,Yes,Yes,One year,Yes,Bank transfer (automatic),113.45,5317.8,3729
Female,No,Yes,No,58,Yes,Yes,DSL,Yes,No,Yes,Yes,Yes,Yes,Two year,Yes,Electronic check,84.3,4916.4,5724
Male,No,No,No,40,Yes,Yes,Fiber optic,No,Yes,Yes,No,Yes,Yes,Month-to-month,Yes,Mailed check,102.65,4108.15,3655
Female,No,No,No,41,Yes,Yes,DSL,No,No,Yes,Yes,No,Yes,One year,Yes,Electronic check,68.6,2877.05,4572
Male,No,Yes,No,67,Yes,No,Fiber optic,Yes,Yes,No,No,Yes,Yes,One year,Yes,Credit card (automatic),100.9,6733.15,4078
Male,Yes,No,No,34,Yes,No,Fiber optic,No,Yes,Yes,No,Yes,Yes,One year,Yes,Electronic check,99.85,3343.15,5626
Male,No,No,No,3,Yes,No,No,No internet service,No internet service,No internet service,No internet service,No internet service,No internet service,Month-to-month,Yes,Mailed check,19.1,53.05,4905
Female,Yes,Yes,No,60,Yes,Yes,Fiber optic,Yes,Yes,Yes,Yes,Yes,Yes,Two year,Yes,Bank transfer (automatic),116.05,6925.9,4734
Female,Yes,No,No,8,Yes,No,Fiber optic,No,No,Yes,No,Yes,Yes,Month-to-month,Yes,Electronic check,92.1,729.95,5662
Male,No,Yes,No,15,Yes,Yes,Fiber optic,No,No,No,No,No,No,Month-to-month,Yes,Bank transfer (automatic),74.9,1107.25,2510
Male,No,No,No,68,Yes,Yes,Fiber optic,Yes,Yes,Yes,No,No,Yes,Two year,Yes,Bank transfer (automatic),102.1,7149.35,5228
Male,Yes,Yes,No,71,Yes,Yes,No,No internet service,No internet service,No internet service,No internet service,No internet service,No internet service,Two year,No,Credit card (automatic),25.45,1789.65,5341
Female,No,No,No,58,Yes,Yes,Fiber optic,Yes,No,No,No,No,No,Month-to-month,Yes,Bank transfer (automatic),79.8,4526.85,5709
Male,Yes,No,No,2,Yes,No,No,No internet service,No internet service,No internet service,No internet service,No internet service,No internet service,Month-to-month,No,Electronic check,19.2,37.2,4577
Female,No,Yes,No,14,Yes,No,Fiber optic,No,Yes,No,Yes,No,Yes,Month-to-month,Yes,Credit card (automatic),89.65,1208.35,2504
Female,No,Yes,No,71,Yes,No,No,No internet service,No internet service,No internet service,No internet service,No internet service,No internet service,Two year,Yes,Bank transfer (automatic),20.9,1493.2,4030
Male,No,No,No,14,Yes,Yes,Fiber optic,No,Yes,No,No,Yes,Yes,Month-to-month,Yes,Electronic check,100.55,1415.55,5224
Female,No,No,No,6,No,No phone service,DSL,Yes,Yes,No,Yes,No,Yes,Month-to-month,No,Credit card (automatic),50.95,307.6,3474
Male,No,Yes,Yes,15,Yes,No,DSL,No,Yes,Yes,Yes,No,Yes,Month-to-month,Yes,Mailed check,69.5,1071.4,3128
Male,No,Yes,Yes,57,Yes,No,Fiber optic,No,Yes,Yes,No,Yes,Yes,One year,Yes,Credit card (automatic),97.55,5598.0,5833
Female,No,No,No,66,Yes,No,DSL,Yes,Yes,Yes,No,No,No,Two year,Yes,Bank transfer (automatic),61.15,4017.45,5133
Male,Yes,Yes,No,69,Yes,Yes,Fiber optic,No,Yes,No,No,Yes,No,Month-to-month,Yes,Electronic check,89.95,6143.15,6363
Female,No,Yes,No,68,Yes,No,DSL,Yes,No,No,Yes,No,No,One year,No,Bank transfer (automatic),55.9,3848.8,5160
Male,Yes,No,Yes,56,Yes,No,Fiber optic,Yes,No,No,No,Yes,Yes,One year,No,Credit card (automatic),94.8,5264.3,5693
Male,Yes,No,No,35,Yes,Yes,Fiber optic,No,No,Yes,No,Yes,Yes,Month-to-month,Yes,Electronic check,99.05,3395.8,2074
Female,No,Yes,No,43,Yes,No,DSL,No,No,No,No,Yes,No,Month-to-month,No,Electronic check,56.15,2499.3,2152
Male,No,Yes,No,31,Yes,No,DSL,No,No,Yes,Yes,No,Yes,Month-to-month,Yes,Credit card (automatic),66.4,2019.8,3282
Female,No,Yes,No,33,Yes,No,DSL,Yes,Yes,Yes,No,No,No,One year,Yes,Mailed check,58.45,1955.4,4276
Male,No,No,No,1,Yes,No,Fiber optic,No,No,No,No,No,No,Month-to-month,Yes,Electronic check,69.35,69.35,5796
Male,No,No,No,44,Yes,No,Fiber optic,No,No,Yes,Yes,Yes,Yes,Two year,No,Bank transfer (automatic),100.1,4378.35,4025
Female,No,Yes,Yes,57,Yes,No,DSL,Yes,Yes,No,No,No,No,One year,No,Electronic check,53.45,3053.0,5660
Male,No,No,Yes,70,Yes,Yes,DSL,Yes,Yes,No,Yes,No,No,One year,No,Bank transfer (automatic),64.95,4551.5,5392
Male,No,No,No,1,Yes,No,No,No internet service,No internet service,No internet service,No internet service,No internet service,No internet service,Month-to-month,No,Credit card (automatic),20.55,20.55,4801
Male,No,Yes,Yes,55,Yes,No,DSL,No,No,Yes,Yes,No,No,Two year,Yes,Credit card (automatic),55.25,3119.9,5821
Male,Yes,Yes,No,29,Yes,Yes,Fiber optic,No,No,No,No,Yes,Yes,Month-to-month,Yes,Electronic check,94.45,2653.65,2233
Female,No,No,No,33,Yes,Yes,DSL,Yes,Yes,No,No,No,No,Month-to-month,Yes,Mailed check,60.9,2033.85,3009
Male,Yes,Yes,No,4,Yes,Yes,Fiber optic,No,No,No,No,No,No,Month-to-month,No,Electronic check,74.95,308.7,3716
Male,No,No,No,70,No,No phone service,DSL,No,No,No,Yes,No,Yes,Two year,Yes,Mailed check,40.05,2799.75,5055
Male,No,No,No,35,Yes,Yes,No,No internet service,No internet service,No internet service,No internet service,No internet service,No internet service,Month-to-month,Yes,Electronic check,25.6,901.25,2980
Female,No,No,No,2,Yes,No,DSL,No,No,No,No,No,No,Month-to-month,Yes,Mailed check,45.85,105.6,2245
Male,Yes,Yes,No,10,Yes,Yes,Fiber optic,No,No,Yes,No,No,Yes,Month-to-month,Yes,Electronic check,89.8,914.3,5124
Male,No,Yes,Yes,1,Yes,No,Fiber optic,No,Yes,No,No,No,No,Month-to-month,No,Credit card (automatic),74.6,74.6,5494
Male,No,No,No,31,Yes,No,No,No internet service,No internet service,No internet service,No internet service,No internet service,No internet service,Two year,No,Bank transfer (automatic),20.4,609.1,5363
Male,Yes,No,No,30,Yes,Yes,Fiber optic,Yes,No,No,No,No,Yes,Month-to-month,Yes,Credit card (automatic),90.5,2595.85,5983
Male,Yes,Yes,Yes,60,Yes,Yes,Fiber optic,Yes,Yes,No,No,No,Yes,Month-to-month,Yes,Electronic check,93.25,5774.55,4353
Female,No,Yes,No,72,Yes,Yes,DSL,Yes,No,Yes,Yes,No,No,Two year,No,Bank transfer (automatic),66.85,4758.8,6264
Male,No,No,No,4,Yes,No,No,No internet service,No internet service,No internet service,No internet service,No internet service,No internet service,Month-to-month,Yes,Credit card (automatic),20.7,83.75,3027
Male,No,Yes,Yes,4,Yes,No,Fiber optic,No,No,No,No,No,No,Month-to-month,Yes,Mailed check,69.55,284.9,3708
Female,No,No,No,25,Yes,No,Fiber optic,No,Yes,Yes,No,Yes,Yes,Month-to-month,Yes,Electronic check,99.5,2369.05,5932
Male,No,Yes,No,70,Yes,Yes,DSL,Yes,No,No,Yes,Yes,Yes,Two year,Yes,Credit card (automatic),76.95,5289.8,6280
Male,No,No,No,1,Yes,No,No,No internet service,No internet service,No internet service,No internet service,No internet service,No internet service,Month-to-month,Yes,Mailed check,20.45,20.45,5384
Female,No,No,No,19,Yes,No,No,No internet service,No internet service,No internet service,No internet service,No internet service,No internet service,Month-to-month,No,Mailed check,19.9,367.55,3245
Female,No,No,No,1,Yes,No,No,No internet service,No internet service,No internet service,No internet service,No internet service,No internet service,Month-to-month,No,Mailed check,19.5,19.5,5211
Female,No,Yes,Yes,12,Yes,No,No,No internet service,No internet service,No internet service,No internet service,No internet service,No internet service,Two year,No,Bank transfer (automatic),20.3,224.5,5190
Male,No,No,No,72,Yes,No,No,No internet service,No internet service,No internet service,No internet service,No internet service,No internet service,Two year,No,Bank transfer (automatic),19.3,1414.8,4722
Female,No,No,No,2,Yes,No,No,No internet service,No internet service,No internet service,No internet service,No internet service,No internet service,Month-to-month,No,Mailed check,20.3,41.2,5074
Male,No,Yes,Yes,34,Yes,No,Fiber optic,No,Yes,Yes,No,Yes,No,Month-to-month,Yes,Electronic check,89.85,3091.75,3096
Male,No,No,No,37,No,No phone service,DSL,Yes,Yes,No,Yes,No,No,Two year,Yes,Mailed check,40.55,1390.85,4050
Male,Yes,Yes,Yes,58,Yes,Yes,Fiber optic,Yes,Yes,No,Yes,No,No,One year,Yes,Bank transfer (automatic),89.85,5125.75,5035
Male,No,No,No,1,Yes,No,DSL,No,No,No,No,No,No,Month-to-month,Yes,Mailed check,45.55,45.55,3173
Female,Yes,No,No,1,Yes,No,Fiber optic,No,No,No,No,No,No,Month-to-month,Yes,Electronic check,71.25,71.25,5033
Male,No,No,No,1,Yes,Yes,DSL,No,No,No,No,No,No,Month-to-month,Yes,Electronic check,50.45,50.45,2928
Male,No,Yes,No,72,Yes,Yes,DSL,Yes,Yes,Yes,Yes,No,No,Two year,No,Mailed check,68.15,4808.7,4613
Female,Yes,Yes,Yes,12,No,No phone service,DSL,No,No,No,Yes,No,No,Month-to-month,Yes,Mailed check,29.3,355.9,3353
Female,No,No,No,2,Yes,No,No,No internet service,No internet service,No internet service,No internet service,No internet service,No internet service,Month-to-month,No,Mailed check,19.5,31.55,2484
Female,No,Yes,No,47,Yes,No,No,No internet service,No internet service,No internet service,No internet service,No internet service,No internet service,Two year,No,Bank transfer (automatic),19.65,921.55,4159
Male,No,Yes,Yes,6,Yes,No,DSL,No,No,No,No,No,No,Month-to-month,Yes,Bank transfer (automatic),44.6,260.8,4525
Female,No,No,No,60,No,No phone service,DSL,Yes,No,Yes,No,Yes,Yes,Two year,No,Electronic check,53.6,3237.05,4173
Female,Yes,No,No,2,Yes,No,Fiber optic,No,Yes,No,No,Yes,No,Month-to-month,Yes,Bank transfer (automatic),83.8,163.7,2885
Male,No,Yes,No,51,Yes,No,DSL,Yes,Yes,Yes,Yes,Yes,Yes,Two year,Yes,Credit card (automatic),83.85,4307.1,5703
Female,No,Yes,Yes,72,Yes,Yes,Fiber optic,Yes,Yes,Yes,No,Yes,Yes,Two year,No,Credit card (automatic),109.55,7887.25,5723
Male,No,Yes,No,72,Yes,Yes,DSL,Yes,Yes,Yes,No,Yes,Yes,Two year,Yes,Electronic check,85.25,6083.1,6275
Female,No,Yes,Yes,52,Yes,Yes,No,No internet service,No internet service,No internet service,No internet service,No internet service,No internet service,Two year,No,Mailed check,23.05,1255.1,4922
Female,No,Yes,No,71,Yes,Yes,DSL,Yes,Yes,Yes,Yes,Yes,Yes,Two year,No,Credit card (automatic),93.2,6506.15,4493
Female,No,Yes,No,28,Yes,Yes,No,No internet service,No internet service,No internet service,No internet service,No internet service,No internet service,One year,No,Mailed check,25.55,672.2,3493
Male,Yes,Yes,No,71,No,No phone service,DSL,Yes,Yes,Yes,Yes,No,No,Two year,No,Credit card (automatic),46.35,3353.4,5421
Male,No,Yes,Yes,68,Yes,No,Fiber optic,Yes,No,No,Yes,Yes,Yes,Two year,Yes,Electronic check,99.55,6668.0,4319
Male,No,No,No,1,Yes,No,Fiber optic,No,No,No,No,No,No,Month-to-month,Yes,Electronic check,70.35,70.35,2722
Female,No,No,No,11,Yes,Yes,Fiber optic,No,No,Yes,No,Yes,No,Month-to-month,Yes,Electronic check,89.2,990.3,3734
Male,No,Yes,No,3,Yes,No,DSL,No,Yes,Yes,No,No,No,Month-to-month,Yes,Mailed check,56.15,168.15,2539
Female,No,Yes,No,61,Yes,Yes,Fiber optic,No,No,Yes,Yes,Yes,Yes,One year,Yes,Bank transfer (automatic),103.3,6518.35,5401
Male,No,Yes,No,6,Yes,Yes,Fiber optic,No,No,No,No,No,No,Month-to-month,Yes,Electronic check,75.5,438.0,5838
Female,No,Yes,No,46,Yes,Yes,DSL,Yes,No,No,No,No,No,Month-to-month,No,Electronic check,53.1,2459.8,3358
Female,No,No,Yes,50,Yes,No,Fiber optic,No,No,No,No,No,No,Two year,No,Credit card (automatic),70.35,3533.6,5521
Male,No,No,No,69,Yes,No,Fiber optic,No,Yes,Yes,Yes,Yes,Yes,One year,Yes,Bank transfer (automatic),104.05,7262.0,4254
Male,No,Yes,Yes,38,Yes,Yes,DSL,Yes,No,Yes,Yes,Yes,Yes,Two year,Yes,Bank transfer (automatic),85.4,3297.0,5292
Female,No,No,No,3,Yes,Yes,Fiber optic,No,No,No,No,No,No,Month-to-month,Yes,Electronic check,74.25,210.3,3207
Female,Yes,Yes,No,68,Yes,Yes,Fiber optic,No,Yes,No,No,No,Yes,Month-to-month,Yes,Bank transfer (automatic),89.6,6127.6,5651
Male,No,No,Yes,25,Yes,No,No,No internet service,No internet service,No internet service,No internet service,No internet service,No internet service,Month-to-month,No,Mailed check,20.8,460.2,3274
Female,Yes,Yes,No,18,Yes,Yes,Fiber optic,No,No,No,Yes,Yes,Yes,Month-to-month,No,Bank transfer (automatic),99.75,1836.25,5857
Male,No,No,No,7,Yes,Yes,Fiber optic,No,No,No,No,No,Yes,Month-to-month,Yes,Mailed check,85.2,602.55,3905
Female,No,No,No,65,No,No phone service,DSL,Yes,No,Yes,Yes,Yes,Yes,Two year,No,Credit card (automatic),59.95,3921.1,6251
Female,No,No,No,12,Yes,No,No,No internet service,No internet service,No internet service,No internet service,No internet service,No internet service,One year,No,Mailed check,19.3,228.75,2868
Male,No,No,No,1,No,No phone service,DSL,No,No,No,No,No,No,Month-to-month,No,Bank transfer (automatic),24.8,24.8,5087
Male,No,No,No,18,Yes,No,No,No internet service,No internet service,No internet service,No internet service,No internet service,No internet service,Month-to-month,No,Electronic check,19.0,348.8,5379
Female,No,Yes,No,64,Yes,Yes,DSL,Yes,No,Yes,Yes,Yes,Yes,Two year,Yes,Credit card (automatic),85.0,5484.4,5472
Male,No,No,No,26,Yes,Yes,Fiber optic,Yes,Yes,No,No,No,No,Month-to-month,Yes,Credit card (automatic),86.65,2208.75,4469
Female,No,No,No,4,Yes,Yes,Fiber optic,No,Yes,No,No,Yes,No,Month-to-month,No,Mailed check,89.6,365.65,4689
Male,No,Yes,No,71,Yes,No,DSL,Yes,No,No,Yes,No,No,Two year,No,Bank transfer (automatic),54.5,3778.2,4957
Female,No,No,No,49,Yes,Yes,DSL,Yes,Yes,No,No,No,No,Month-to-month,Yes,Credit card (automatic),59.75,2934.3,6006
Male,No,No,No,7,Yes,Yes,Fiber optic,No,No,No,No,No,Yes,Month-to-month,Yes,Electronic check,86.8,620.35,3780
Female,Yes,No,No,35,Yes,Yes,Fiber optic,Yes,Yes,Yes,Yes,Yes,Yes,One year,Yes,Bank transfer (automatic),110.8,3836.3,2125
Male,Yes,Yes,No,1,Yes,No,Fiber optic,No,No,No,No,No,No,Month-to-month,Yes,Electronic check,70.3,70.3,4962
Female,No,No,No,6,Yes,No,Fiber optic,No,No,No,No,Yes,Yes,Month-to-month,No,Electronic check,89.3,577.6,5800
Male,No,Yes,No,25,Yes,No,Fiber optic,No,No,No,No,Yes,Yes,One year,Yes,Electronic check,90.4,2178.6,5801
Female,No,No,Yes,13,Yes,No,DSL,No,No,Yes,Yes,No,No,Month-to-month,No,Mailed check,53.45,718.1,4335
Male,Yes,No,No,9,Yes,Yes,DSL,Yes,No,No,No,No,No,Month-to-month,No,Electronic check,54.55,494.05,4656
Female,No,Yes,No,72,Yes,Yes,DSL,Yes,No,Yes,Yes,Yes,Yes,Two year,Yes,Bank transfer (automatic),84.9,6065.3,4447
Male,No,Yes,Yes,22,Yes,Yes,DSL,No,No,Yes,Yes,Yes,Yes,One year,Yes,Mailed check,78.65,1663.75,3571
Male,No,No,No,33,Yes,No,Fiber optic,No,Yes,No,Yes,No,No,Two year,No,Bank transfer (automatic),80.6,2651.1,5542
Male,Yes,No,No,18,Yes,Yes,DSL,Yes,Yes,No,No,No,No,Month-to-month,Yes,Credit card (automatic),58.4,964.9,2812
Male,No,Yes,Yes,34,Yes,Yes,DSL,No,No,Yes,No,Yes,Yes,One year,No,Bank transfer (automatic),77.2,2753.8,3997
Female,No,No,No,6,Yes,Yes,Fiber optic,No,Yes,No,No,Yes,No,Month-to-month,Yes,Electronic check,90.1,521.3,5656
Female,No,No,No,24,Yes,No,No,No internet service,No internet service,No internet service,No internet service,No internet service,No internet service,One year,No,Bank transfer (automatic),21.05,531.55,2050
Male,No,No,No,15,Yes,Yes,Fiber optic,No,No,No,No,Yes,Yes,Month-to-month,Yes,Electronic check,93.35,1444.65,5264
Male,No,No,No,63,Yes,Yes,Fiber optic,No,Yes,No,Yes,Yes,Yes,Month-to-month,No,Electronic check,105.4,6713.2,4551
Male,Yes,No,No,4,Yes,No,Fiber optic,No,No,No,No,No,No,Month-to-month,No,Electronic check,69.35,261.65,4140
Female,Yes,Yes,No,66,Yes,Yes,DSL,No,Yes,Yes,No,Yes,No,One year,Yes,Bank transfer (automatic),70.85,4738.85,5572
Female,No,Yes,No,42,Yes,No,No,No internet service,No internet service,No internet service,No internet service,No internet service,No internet service,Month-to-month,No,Credit card (automatic),20.35,869.9,2127
Female,Yes,No,No,4,Yes,Yes,Fiber optic,Yes,No,No,No,No,No,Month-to-month,Yes,Electronic check,80.25,303.7,3828
Female,No,No,No,26,Yes,Yes,Fiber optic,No,No,Yes,No,Yes,Yes,Month-to-month,Yes,Bank transfer (automatic),100.5,2599.95,2921
Male,No,No,No,39,Yes,No,Fiber optic,No,No,Yes,Yes,No,No,One year,No,Electronic check,81.9,3219.75,3446
Female,No,Yes,No,70,Yes,No,No,No internet service,No internet service,No internet service,No internet service,No internet service,No internet service,Two year,No,Credit card (automatic),19.85,1328.35,4311
Male,No,No,No,3,Yes,No,DSL,No,No,No,No,Yes,No,Month-to-month,No,Mailed check,55.15,159.15,5698
Male,No,No,No,53,Yes,Yes,Fiber optic,No,No,No,No,Yes,No,Month-to-month,No,Bank transfer (automatic),85.45,4517.25,4753
Female,No,Yes,No,2,Yes,No,DSL,No,No,No,No,No,No,Month-to-month,Yes,Electronic check,45.0,89.75,5225
Female,No,Yes,Yes,72,Yes,No,DSL,Yes,Yes,Yes,Yes,No,Yes,Two year,Yes,Electronic check,74.35,5237.4,4874
Male,No,Yes,No,72,No,No phone service,DSL,Yes,Yes,Yes,Yes,Yes,Yes,Two year,Yes,Credit card (automatic),64.8,4719.75,4036
Female,No,No,No,1,Yes,No,DSL,No,No,No,No,No,Yes,Month-to-month,Yes,Electronic check,55.45,55.45,5286
Male,No,No,No,48,Yes,No,DSL,No,Yes,Yes,Yes,Yes,Yes,Two year,No,Credit card (automatic),78.9,3771.5,4063
Male,No,Yes,Yes,63,Yes,No,DSL,Yes,Yes,Yes,Yes,Yes,No,Two year,No,Credit card (automatic),74.5,4674.55,6382
Male,No,Yes,Yes,72,Yes,Yes,No,No internet service,No internet service,No internet service,No internet service,No internet service,No internet service,Two year,No,Credit card (automatic),24.1,1734.65,4264
Male,No,No,No,59,Yes,Yes,DSL,No,No,Yes,No,No,No,Two year,No,Credit card (automatic),54.15,3116.15,4293
Male,No,No,No,29,No,No phone service,DSL,Yes,No,No,Yes,No,No,One year,No,Mailed check,35.6,1072.6,3898
Female,No,Yes,Yes,57,Yes,No,DSL,Yes,No,Yes,Yes,No,No,One year,Yes,Mailed check,59.3,3274.35,6287
Female,No,No,No,30,Yes,Yes,Fiber optic,No,Yes,Yes,Yes,Yes,Yes,One year,No,Credit card (automatic),110.45,3327.05,4983
Male,No,No,No,38,Yes,Yes,DSL,Yes,Yes,Yes,Yes,No,No,Month-to-month,No,Electronic check,69.95,2657.55,5858
Female,No,Yes,No,15,Yes,No,No,No internet service,No internet service,No internet service,No internet service,No internet service,No internet service,Month-to-month,No,Credit card (automatic),20.45,330.8,5184
Female,Yes,No,No,71,Yes,Yes,Fiber optic,No,Yes,No,No,Yes,Yes,Month-to-month,Yes,Credit card (automatic),99.65,6951.15,4241
Male,No,No,No,7,Yes,No,Fiber optic,No,Yes,No,No,Yes,Yes,Month-to-month,Yes,Electronic check,94.25,669.0,5267
Female,No,No,No,27,Yes,No,No,No internet service,No internet service,No internet service,No internet service,No internet service,No internet service,Two year,Yes,Mailed check,19.6,561.15,2896
Female,No,Yes,No,40,Yes,No,No,No internet service,No internet service,No internet service,No internet service,No internet service,No internet service,Two year,No,Mailed check,19.1,780.1,2056
Female,Yes,No,No,1,Yes,No,Fiber optic,No,Yes,No,No,No,Yes,Month-to-month,Yes,Electronic check,86.0,86.0,5359
Male,No,Yes,No,65,Yes,Yes,Fiber optic,No,Yes,No,No,Yes,No,Month-to-month,Yes,Bank transfer (automatic),91.85,5940.85,5530
Female,No,No,No,1,Yes,No,Fiber optic,No,No,No,No,No,Yes,Month-to-month,Yes,Electronic check,81.1,81.1,2075
Female,No,No,No,1,Yes,No,DSL,No,No,No,No,No,No,Month-to-month,Yes,Electronic check,44.1,44.1,5955
Female,No,Yes,No,3,Yes,No,No,No internet service,No internet service,No internet service,No internet service,No internet service,No internet service,Month-to-month,Yes,Mailed check,19.9,45.75,3716
Female,Yes,Yes,No,29,Yes,Yes,Fiber optic,No,No,Yes,No,Yes,Yes,Month-to-month,Yes,Bank transfer (automatic),99.05,2952.85,3179
Male,No,No,No,15,Yes,No,No,No internet service,No internet service,No internet service,No internet service,No internet service,No internet service,One year,No,Mailed check,19.8,304.6,5753
Female,No,Yes,Yes,70,Yes,Yes,DSL,Yes,Yes,Yes,Yes,Yes,No,Two year,No,Bank transfer (automatic),79.7,5743.3,4848
Female,Yes,Yes,No,26,Yes,Yes,Fiber optic,No,Yes,Yes,No,No,Yes,Month-to-month,Yes,Electronic check,93.85,2381.55,2591
Male,No,No,No,35,Yes,Yes,Fiber optic,Yes,Yes,Yes,Yes,No,No,Month-to-month,Yes,Mailed check,96.75,3403.4,5154
Male,No,Yes,Yes,68,Yes,No,DSL,No,No,Yes,Yes,Yes,Yes,Two year,Yes,Bank transfer (automatic),72.95,4953.25,4499
Male,No,No,No,1,Yes,Yes,Fiber optic,No,No,No,No,No,No,Month-to-month,Yes,Electronic check,74.9,74.9,2548
Male,No,No,No,1,Yes,No,No,No internet service,No internet service,No internet service,No internet service,No internet service,No internet service,Month-to-month,No,Mailed check,20.25,20.25,5384
Male,No,Yes,Yes,69,Yes,Yes,Fiber optic,No,No,Yes,No,No,No,Two year,Yes,Credit card (automatic),79.2,5420.65,4072
Female,No,No,No,4,Yes,No,No,No internet service,No internet service,No internet service,No internet service,No internet service,No internet service,Month-to-month,No,Mailed check,20.05,83.3,4596
Male,No,No,No,31,Yes,No,DSL,Yes,Yes,Yes,Yes,Yes,No,Month-to-month,Yes,Bank transfer (automatic),72.45,2156.25,3175
Male,Yes,Yes,No,58,Yes,Yes,Fiber optic,Yes,Yes,Yes,No,Yes,Yes,One year,Yes,Electronic check,108.85,6287.25,4739
Female,No,Yes,Yes,65,Yes,Yes,DSL,Yes,Yes,Yes,Yes,Yes,Yes,Two year,No,Bank transfer (automatic),91.55,5963.95,4921
Female,No,Yes,No,51,Yes,No,DSL,Yes,Yes,No,Yes,No,Yes,One year,Yes,Credit card (automatic),69.75,3562.5,5628
Female,No,No,No,1,Yes,No,No,No internet service,No internet service,No internet service,No internet service,No internet service,No internet service,Month-to-month,No,Mailed check,19.1,19.1,3313
Male,No,Yes,No,15,Yes,Yes,Fiber optic,No,No,Yes,No,Yes,Yes,Month-to-month,Yes,Electronic check,101.1,1504.05,2055
Female,No,Yes,Yes,52,Yes,No,DSL,No,No,Yes,No,No,No,One year,Yes,Bank transfer (automatic),50.95,2610.65,4298
Male,No,No,No,1,No,No phone service,DSL,No,No,No,No,No,No,Month-to-month,Yes,Electronic check,25.15,25.15,5386
Male,No,No,Yes,3,Yes,No,No,No internet service,No internet service,No internet service,No internet service,No internet service,No internet service,Month-to-month,No,Mailed check,19.95,58.3,4430
Female,Yes,No,No,13,Yes,No,DSL,No,Yes,Yes,No,No,No,Month-to-month,Yes,Electronic check,54.8,731.3,5557
Male,No,No,No,1,Yes,No,Fiber optic,No,No,No,No,No,No,Month-to-month,Yes,Electronic check,70.05,70.05,2699
Female,Yes,No,No,5,Yes,No,Fiber optic,No,No,Yes,No,Yes,No,Month-to-month,Yes,Mailed check,84.85,415.55,3305
Female,No,No,No,25,Yes,No,DSL,Yes,No,No,Yes,Yes,Yes,Month-to-month,Yes,Credit card (automatic),76.15,1992.95,3955
Female,No,No,No,69,Yes,Yes,Fiber optic,No,Yes,Yes,Yes,Yes,Yes,Two year,Yes,Bank transfer (automatic),110.5,7455.45,4803
Male,No,No,No,4,Yes,Yes,DSL,No,No,No,Yes,No,Yes,Month-to-month,No,Mailed check,65.55,237.2,5707
Female,No,No,No,3,Yes,No,No,No internet service,No internet service,No internet service,No internet service,No internet service,No internet service,Month-to-month,No,Mailed check,20.4,63.15,5695
Male,No,No,No,5,No,No phone service,DSL,No,No,No,No,No,No,Month-to-month,No,Mailed check,24.3,100.2,4015
Male,No,No,No,4,Yes,Yes,Fiber optic,Yes,No,No,No,No,No,Month-to-month,Yes,Electronic check,80.1,336.15,2333
Male,Yes,No,No,16,Yes,No,Fiber optic,No,No,No,No,No,Yes,Month-to-month,Yes,Electronic check,78.75,1218.25,4351
Female,No,No,Yes,50,Yes,No,DSL,Yes,No,Yes,Yes,Yes,No,One year,Yes,Credit card (automatic),70.8,3478.15,4798
Male,No,Yes,No,16,Yes,No,DSL,Yes,Yes,No,No,No,No,One year,Yes,Mailed check,55.85,857.8,2464
Female,No,Yes,Yes,49,Yes,Yes,Fiber optic,No,No,No,No,Yes,Yes,Month-to-month,Yes,Bank transfer (automatic),95.4,4613.95,6136
Male,No,No,Yes,23,Yes,No,DSL,No,Yes,No,Yes,No,No,Month-to-month,No,Electronic check,54.15,1312.45,2496
Female,No,Yes,No,47,Yes,Yes,Fiber optic,No,No,Yes,No,Yes,Yes,Month-to-month,Yes,Electronic check,100.5,4707.1,4488
Female,No,No,No,22,Yes,No,DSL,Yes,No,No,No,No,No,Month-to-month,Yes,Credit card (automatic),48.8,1054.6,2270
Female,No,Yes,Yes,64,Yes,Yes,Fiber optic,Yes,Yes,Yes,Yes,Yes,Yes,One year,No,Electronic check,113.35,7222.75,4952
Male,No,Yes,Yes,20,Yes,No,DSL,No,No,Yes,No,No,No,Month-to-month,Yes,Electronic check,49.6,939.8,3235
Male,No,Yes,Yes,51,Yes,Yes,Fiber optic,No,Yes,No,Yes,No,No,One year,No,Bank transfer (automatic),84.2,4299.75,4952
Female,No,No,No,14,Yes,No,Fiber optic,No,No,No,No,No,No,Month-to-month,Yes,Credit card (automatic),71.0,914.0,3228
Female,No,No,No,51,No,No phone service,DSL,No,Yes,Yes,No,Yes,Yes,One year,Yes,Credit card (automatic),56.4,2928.5,4380
Male,No,Yes,No,40,Yes,No,DSL,No,Yes,No,No,No,No,Month-to-month,Yes,Mailed check,50.15,2058.5,2454
Female,No,Yes,No,4,Yes,Yes,Fiber optic,No,Yes,No,No,Yes,Yes,Month-to-month,Yes,Electronic check,97.95,384.5,2570
Male,No,No,No,2,No,No phone service,DSL,No,No,Yes,No,Yes,Yes,Month-to-month,Yes,Electronic check,49.25,90.35,5775
Female,No,Yes,No,55,Yes,Yes,Fiber optic,No,Yes,No,No,No,No,Month-to-month,Yes,Credit card (automatic),77.75,4266.4,4621
Male,No,Yes,No,62,Yes,No,DSL,No,Yes,Yes,Yes,No,No,Two year,Yes,Credit card (automatic),60.15,3753.2,4404
Male,No,No,No,2,Yes,No,DSL,Yes,No,No,Yes,No,No,Month-to-month,Yes,Mailed check,54.45,87.3,5753
Male,No,No,No,1,Yes,No,DSL,No,No,Yes,Yes,No,No,Month-to-month,No,Mailed check,55.05,55.05,2962
Female,Yes,No,No,11,Yes,No,Fiber optic,No,No,No,No,Yes,Yes,Month-to-month,No,Bank transfer (automatic),89.7,1047.7,2202
Female,No,No,No,5,Yes,Yes,Fiber optic,No,No,Yes,Yes,No,No,Month-to-month,Yes,Electronic check,82.75,417.75,5269
Female,No,No,No,14,Yes,No,DSL,No,No,No,Yes,Yes,Yes,Month-to-month,Yes,Electronic check,69.65,921.4,5351
Male,No,Yes,No,70,Yes,Yes,Fiber optic,No,Yes,Yes,Yes,No,Yes,Two year,Yes,Bank transfer (automatic),98.7,6858.9,5582
Female,No,Yes,No,71,Yes,Yes,No,No internet service,No internet service,No internet service,No internet service,No internet service,No internet service,Two year,No,Bank transfer (automatic),25.0,1753.0,4066
Female,Yes,No,No,49,Yes,No,DSL,No,No,No,No,No,No,Month-to-month,No,Mailed check,43.8,2106.05,5651
Male,No,Yes,No,24,Yes,No,No,No internet service,No internet service,No internet service,No internet service,No internet service,No internet service,One year,No,Mailed check,20.1,533.9,5689
Male,No,No,No,41,Yes,Yes,DSL,No,No,Yes,No,No,Yes,One year,No,Mailed check,65.0,2531.8,5043
Female,No,No,No,13,No,No phone service,DSL,No,Yes,No,No,No,No,Month-to-month,No,Electronic check,29.15,357.15,2876
Female,No,No,No,1,Yes,No,DSL,No,No,No,No,No,No,Month-to-month,No,Mailed check,45.15,45.15,4131
Female,Yes,No,No,54,Yes,Yes,DSL,No,Yes,No,Yes,Yes,No,One year,No,Mailed check,72.1,3886.05,4277
Male,No,Yes,No,7,Yes,No,Fiber optic,No,No,No,No,No,No,Month-to-month,Yes,Bank transfer (automatic),69.95,529.5,3296
Male,No,Yes,No,72,Yes,Yes,DSL,Yes,Yes,Yes,Yes,No,No,Two year,No,Credit card (automatic),72.1,5016.65,4658
Female,Yes,No,No,28,Yes,Yes,Fiber optic,No,Yes,Yes,No,Yes,Yes,Month-to-month,Yes,Electronic check,106.15,3152.5,5030
Female,No,No,No,5,No,No phone service,DSL,No,Yes,No,No,Yes,Yes,Month-to-month,Yes,Credit card (automatic),50.95,229.4,3573
Male,No,No,No,10,Yes,Yes,Fiber optic,No,No,No,No,Yes,No,Month-to-month,Yes,Bank transfer (automatic),86.05,834.1,2966
Male,Yes,Yes,Yes,71,Yes,No,Fiber optic,Yes,Yes,Yes,No,No,No,One year,Yes,Bank transfer (automatic),86.7,6179.35,4485
Female,No,No,No,68,No,No phone service,DSL,Yes,No,Yes,Yes,No,No,Two year,No,Mailed check,38.9,2719.2,5278
Female,No,No,No,2,Yes,No,DSL,No,No,No,No,No,No,Month-to-month,No,Electronic check,45.55,84.4,4372
Female,Yes,Yes,No,54,Yes,Yes,Fiber optic,Yes,Yes,Yes,Yes,Yes,Yes,One year,Yes,Bank transfer (automatic),115.6,6431.05,4337
Male,No,Yes,Yes,15,Yes,Yes,DSL,No,No,Yes,Yes,No,No,Month-to-month,Yes,Bank transfer (automatic),59.65,867.1,3974
Female,No,No,No,3,No,No phone service,DSL,No,Yes,No,No,No,No,Month-to-month,No,Mailed check,29.2,98.5,4699
Male,Yes,Yes,No,65,Yes,Yes,Fiber optic,Yes,Yes,No,No,Yes,No,Two year,Yes,Credit card (automatic),92.7,5968.4,5205
Female,No,Yes,Yes,15,Yes,No,No,No internet service,No internet service,No internet service,No internet service,No internet service,No internet service,One year,No,Credit card (automatic),20.35,335.95,3205
Female,No,No,No,30,Yes,No,Fiber optic,No,No,No,Yes,Yes,Yes,One year,Yes,Bank transfer (automatic),94.4,2638.1,4584
Female,No,No,No,70,Yes,Yes,No,No internet service,No internet service,No internet service,No internet service,No internet service,No internet service,One year,No,Credit card (automatic),26.05,1856.4,4467
Female,No,No,No,20,Yes,No,No,No internet service,No internet service,No internet service,No internet service,No internet service,No internet service,Two year,No,Mailed check,19.7,406.95,4404
Female,No,No,No,4,No,No phone service,DSL,No,No,No,No,No,No,Month-to-month,Yes,Electronic check,24.45,86.6,4909
Female,No,No,No,63,Yes,Yes,DSL,Yes,Yes,Yes,Yes,No,Yes,Two year,Yes,Credit card (automatic),80.3,4995.35,5554
Male,No,No,No,6,Yes,No,Fiber optic,No,Yes,No,No,Yes,No,Month-to-month,Yes,Electronic check,84.85,523.5,3420
Female,Yes,Yes,Yes,28,No,No phone service,DSL,No,Yes,No,No,No,Yes,One year,Yes,Electronic check,39.1,1096.6,2305
Female,No,Yes,No,20,Yes,No,No,No internet service,No internet service,No internet service,No internet service,No internet service,No internet service,One year,Yes,Mailed check,20.0,416.45,3585
Male,No,No,No,3,Yes,No,DSL,Yes,No,No,Yes,Yes,No,Month-to-month,Yes,Credit card (automatic),64.4,195.65,5645
Male,No,No,No,12,Yes,No,DSL,No,No,No,Yes,No,No,Month-to-month,No,Bank transfer (automatic),50.25,593.75,3624
Male,No,No,No,5,No,No phone service,DSL,Yes,No,Yes,Yes,No,No,Month-to-month,No,Mailed check,40.0,223.45,3125
Male,No,Yes,Yes,23,Yes,No,DSL,Yes,No,No,Yes,No,No,One year,No,Credit card (automatic),57.2,1423.35,4021
Female,No,Yes,No,70,No,No phone service,DSL,No,Yes,Yes,Yes,Yes,Yes,Two year,No,Bank transfer (automatic),57.8,4039.3,5640
Male,No,Yes,No,65,Yes,Yes,DSL,Yes,Yes,Yes,No,No,Yes,One year,No,Credit card (automatic),72.45,4653.85,4415
Female,No,Yes,Yes,72,Yes,Yes,DSL,Yes,No,Yes,Yes,Yes,Yes,Two year,Yes,Bank transfer (automatic),83.3,6042.7,4505
Male,No,Yes,No,1,No,No phone service,DSL,No,Yes,No,No,No,No,Month-to-month,No,Electronic check,30.2,30.2,2915
Male,No,Yes,Yes,34,No,No phone service,DSL,No,No,No,Yes,Yes,No,Two year,Yes,Electronic check,40.55,1325.85,3897
Female,No,No,No,21,Yes,Yes,Fiber optic,No,No,No,No,Yes,Yes,Month-to-month,Yes,Electronic check,97.35,2119.5,4321
Female,No,Yes,Yes,19,Yes,Yes,Fiber optic,No,No,No,Yes,No,Yes,One year,Yes,Bank transfer (automatic),89.35,1686.85,4473
Male,No,Yes,No,70,No,No phone service,DSL,No,Yes,Yes,Yes,No,Yes,One year,Yes,Bank transfer (automatic),51.05,3635.15,4042
Female,Yes,No,No,56,Yes,Yes,Fiber optic,Yes,Yes,No,No,No,Yes,Month-to-month,Yes,Electronic check,96.85,5219.65,5679
Male,No,No,No,1,Yes,No,DSL,No,No,No,No,No,Yes,Month-to-month,Yes,Mailed check,55.7,55.7,4629
Female,No,Yes,Yes,38,Yes,No,DSL,Yes,Yes,No,No,No,No,Month-to-month,No,Electronic check,54.5,2076.05,5499
Male,No,No,No,13,Yes,No,No,No internet service,No internet service,No internet service,No internet service,No internet service,No internet service,One year,No,Credit card (automatic),19.3,259.65,2823
Male,Yes,Yes,No,46,Yes,Yes,Fiber optic,No,No,Yes,No,Yes,Yes,Month-to-month,Yes,Electronic check,101.0,4680.05,2436
Male,Yes,Yes,No,54,No,No phone service,DSL,No,No,No,No,No,No,Month-to-month,Yes,Bank transfer (automatic),24.95,1364.75,4691
Female,Yes,Yes,No,48,Yes,No,Fiber optic,No,No,No,No,No,No,Month-to-month,Yes,Bank transfer (automatic),70.65,3545.05,5523
Female,No,Yes,Yes,68,Yes,Yes,DSL,Yes,Yes,Yes,Yes,Yes,Yes,Two year,Yes,Bank transfer (automatic),89.05,6185.8,5001
Female,No,Yes,No,52,Yes,Yes,Fiber optic,No,Yes,Yes,No,Yes,No,Month-to-month,No,Bank transfer (automatic),94.6,5025.8,6212
Female,No,Yes,No,71,Yes,Yes,No,No internet service,No internet service,No internet service,No internet service,No internet service,No internet service,Two year,No,Bank transfer (automatic),24.75,1836.9,4642
Female,No,No,No,1,Yes,No,Fiber optic,No,No,No,No,No,No,Month-to-month,No,Electronic check,68.65,68.65,3052
Female,No,Yes,No,64,Yes,No,DSL,Yes,Yes,Yes,Yes,No,Yes,Two year,Yes,Mailed check,74.35,4759.55,4781
Female,No,No,No,46,Yes,No,DSL,No,No,No,No,No,No,Month-to-month,No,Bank transfer (automatic),44.95,2168.9,2626
Female,No,No,No,11,Yes,Yes,Fiber optic,No,No,No,Yes,Yes,No,Month-to-month,No,Electronic check,90.15,987.95,5250
Male,No,No,No,53,Yes,No,DSL,No,No,Yes,No,No,Yes,One year,Yes,Electronic check,61.1,3357.9,5940
Female,No,No,No,2,Yes,No,No,No internet service,No internet service,No internet service,No internet service,No internet service,No internet service,Month-to-month,Yes,Mailed check,20.05,39.25,5191
Male,Yes,Yes,No,57,Yes,Yes,Fiber optic,No,No,Yes,No,Yes,Yes,Month-to-month,No,Electronic check,100.6,5746.15,5247
Female,No,No,No,43,Yes,No,DSL,No,Yes,No,Yes,No,No,One year,No,Electronic check,55.45,2444.25,3350
Male,No,No,No,44,Yes,No,No,No internet service,No internet service,No internet service,No internet service,No internet service,No internet service,Two year,No,Mailed check,20.05,845.25,2798
Female,No,Yes,No,71,No,No phone service,DSL,Yes,Yes,Yes,Yes,Yes,Yes,One year,No,Bank transfer (automatic),66.8,4689.15,4698
Male,No,No,Yes,30,No,No phone service,DSL,No,No,No,No,Yes,Yes,Month-to-month,Yes,Electronic check,44.5,1307.8,5833
Male,No,Yes,No,20,Yes,No,No,No internet service,No internet service,No internet service,No internet service,No internet service,No internet service,One year,No,Mailed check,20.65,417.5,4147
Male,No,Yes,Yes,18,Yes,No,No,No internet service,No internet service,No internet service,No internet service,No internet service,No internet service,One year,No,Bank transfer (automatic),20.05,345.9,4458
Male,Yes,Yes,No,34,Yes,No,Fiber optic,No,No,No,No,No,No,Month-to-month,No,Credit card (automatic),71.55,2427.35,3583
Female,No,No,No,52,No,No phone service,DSL,Yes,Yes,Yes,No,Yes,Yes,Two year,Yes,Bank transfer (automatic),58.75,3038.55,5122
Female,Yes,No,No,66,Yes,Yes,Fiber optic,No,Yes,Yes,No,Yes,Yes,One year,No,Bank transfer (automatic),108.1,7238.6,4722
Male,Yes,Yes,No,29,Yes,Yes,Fiber optic,No,No,Yes,No,Yes,Yes,Month-to-month,Yes,Electronic check,98.5,3004.15,5137
Female,No,Yes,Yes,41,Yes,Yes,DSL,Yes,Yes,Yes,Yes,No,Yes,Month-to-month,No,Credit card (automatic),79.9,3326.2,4734
Male,No,Yes,No,69,Yes,No,DSL,Yes,Yes,Yes,Yes,Yes,No,Two year,Yes,Bank transfer (automatic),75.75,5388.15,5839
Male,Yes,Yes,No,32,Yes,Yes,Fiber optic,No,No,No,No,No,Yes,Month-to-month,No,Electronic check,85.3,2661.1,2712
Male,No,No,No,9,Yes,No,Fiber optic,No,No,No,No,No,No,Month-to-month,No,Mailed check,70.05,657.5,3522
Male,No,No,No,2,No,No phone service,DSL,No,No,No,Yes,No,No,Month-to-month,No,Bank transfer (automatic),29.85,75.6,4268
Male,No,No,No,37,Yes,No,No,No internet service,No internet service,No internet service,No internet service,No internet service,No internet service,One year,No,Credit card (automatic),20.15,785.75,4422
Female,No,No,No,39,Yes,No,DSL,Yes,No,No,No,No,No,One year,Yes,Electronic check,47.85,1886.4,5531
Male,No,No,No,8,Yes,Yes,Fiber optic,No,No,No,No,No,Yes,Month-to-month,Yes,Electronic check,86.55,649.65,4193
Male,No,Yes,Yes,5,Yes,No,No,No internet service,No internet service,No internet service,No internet service,No internet service,No internet service,One year,No,Electronic check,20.55,99.45,3629
Female,No,No,No,26,No,No phone service,DSL,No,No,Yes,No,Yes,Yes,Month-to-month,Yes,Credit card (automatic),50.35,1277.5,2510
Male,No,Yes,Yes,63,Yes,No,Fiber optic,No,Yes,Yes,No,No,No,Month-to-month,Yes,Credit card (automatic),80.3,4896.35,5157
Female,Yes,Yes,No,58,Yes,Yes,Fiber optic,No,No,No,Yes,Yes,Yes,Month-to-month,Yes,Bank transfer (automatic),100.4,5749.8,4005
Female,No,No,No,72,Yes,No,No,No internet service,No internet service,No internet service,No internet service,No internet service,No internet service,Two year,Yes,Bank transfer (automatic),21.15,1419.4,5306
Female,Yes,No,No,64,Yes,No,DSL,Yes,Yes,No,Yes,Yes,No,Two year,Yes,Credit card (automatic),70.2,4481.0,6080
Female,Yes,Yes,No,50,Yes,Yes,No,No internet service,No internet service,No internet service,No internet service,No internet service,No internet service,One year,No,Electronic check,25.2,1306.3,4015
Female,No,No,No,8,Yes,No,DSL,Yes,Yes,No,Yes,No,No,One year,No,Bank transfer (automatic),58.2,469.25,3325
Female,No,No,No,1,Yes,No,Fiber optic,No,No,No,No,No,Yes,Month-to-month,No,Electronic check,78.65,78.65,2728
Female,No,No,No,6,Yes,No,Fiber optic,No,No,No,No,No,No,Month-to-month,No,Credit card (automatic),70.55,433.95,4059
Female,No,Yes,Yes,65,Yes,Yes,DSL,Yes,Yes,No,Yes,Yes,Yes,Two year,Yes,Bank transfer (automatic),82.5,5215.1,5314
Female,No,Yes,Yes,13,Yes,No,DSL,Yes,No,No,Yes,No,No,One year,No,Bank transfer (automatic),54.15,701.05,4977
Male,No,Yes,No,47,Yes,Yes,Fiber optic,No,Yes,Yes,Yes,Yes,Yes,Month-to-month,Yes,Electronic check,109.55,5124.55,5863
Male,No,No,No,4,Yes,No,DSL,No,No,No,No,No,Yes,Month-to-month,No,Electronic check,54.3,195.3,5834
Female,No,No,No,51,Yes,Yes,No,No internet service,No internet service,No internet service,No internet service,No internet service,No internet service,Two year,No,Bank transfer (automatic),24.95,1288.0,5458
Male,No,Yes,Yes,34,No,No phone service,DSL,No,No,Yes,Yes,Yes,No,Month-to-month,Yes,Electronic check,44.85,1442.6,5569
Female,Yes,Yes,No,37,Yes,No,Fiber optic,No,No,Yes,Yes,Yes,No,Month-to-month,No,Electronic check,90.0,3371.75,4048
Female,No,Yes,No,8,Yes,Yes,Fiber optic,No,No,No,Yes,No,Yes,Month-to-month,Yes,Electronic check,90.25,743.75,4969
Female,No,Yes,Yes,39,Yes,Yes,Fiber optic,No,No,No,Yes,Yes,Yes,Month-to-month,Yes,Credit card (automatic),99.95,3767.4,4447
Female,No,No,No,2,Yes,Yes,DSL,No,Yes,No,No,No,No,Month-to-month,No,Mailed check,54.15,101.65,3527
Female,No,Yes,No,2,Yes,No,No,No internet service,No internet service,No internet service,No internet service,No internet service,No internet service,Month-to-month,No,Mailed check,20.35,41.85,5761
Male,No,Yes,No,43,Yes,Yes,DSL,Yes,Yes,No,Yes,No,No,Month-to-month,No,Bank transfer (automatic),66.25,2907.35,2168
Male,No,No,No,1,Yes,Yes,Fiber optic,No,No,Yes,No,Yes,Yes,Month-to-month,Yes,Electronic check,99.75,99.75,4214
Male,No,No,Yes,45,Yes,Yes,Fiber optic,No,No,Yes,No,Yes,Yes,Two year,No,Bank transfer (automatic),99.7,4634.35,3333
Male,Yes,Yes,No,1,Yes,No,Fiber optic,No,No,No,No,No,No,Month-to-month,No,Mailed check,70.85,70.85,3022
Male,No,No,No,1,Yes,Yes,DSL,No,No,No,No,No,No,Month-to-month,No,Mailed check,50.75,50.75,3631
Male,No,Yes,Yes,30,Yes,Yes,Fiber optic,No,No,No,No,Yes,No,Month-to-month,No,Electronic check,85.45,2509.95,3409
Male,Yes,No,No,70,No,No phone service,DSL,No,Yes,Yes,No,Yes,No,One year,Yes,Credit card (automatic),44.05,3011.65,4022
Male,No,No,No,64,Yes,Yes,Fiber optic,No,No,Yes,Yes,Yes,Yes,One year,Yes,Credit card (automatic),104.65,6889.8,6443
Female,No,Yes,Yes,18,Yes,Yes,No,No internet service,No internet service,No internet service,No internet service,No internet service,No internet service,Two year,No,Mailed check,25.1,428.45,3675
Male,No,Yes,Yes,37,Yes,No,No,No internet service,No internet service,No internet service,No internet service,No internet service,No internet service,Two year,No,Bank transfer (automatic),19.8,726.1,2745
Female,No,Yes,No,72,No,No phone service,DSL,Yes,Yes,Yes,Yes,Yes,Yes,Two year,No,Bank transfer (automatic),65.5,4919.7,4119
Female,No,Yes,Yes,45,No,No phone service,DSL,Yes,No,No,No,Yes,Yes,Month-to-month,Yes,Bank transfer (automatic),50.9,2333.85,3937
Female,No,Yes,Yes,56,Yes,Yes,DSL,Yes,Yes,Yes,Yes,Yes,No,Two year,No,Credit card (automatic),81.25,4620.4,5907
Female,Yes,Yes,No,31,Yes,Yes,Fiber optic,No,No,No,No,No,Yes,Month-to-month,Yes,Electronic check,84.85,2633.4,5603
Male,No,Yes,Yes,62,Yes,No,No,No internet service,No internet service,No internet service,No internet service,No internet service,No internet service,One year,No,Bank transfer (automatic),19.95,1244.8,4803
Male,Yes,Yes,No,69,No,No phone service,DSL,No,No,Yes,No,No,No,One year,Yes,Credit card (automatic),29.8,2134.3,5681
Female,No,No,Yes,4,Yes,No,No,No internet service,No internet service,No internet service,No internet service,No internet service,No internet service,One year,Yes,Mailed check,20.4,84.75,5602
Male,No,No,Yes,66,Yes,No,No,No internet service,No internet service,No internet service,No internet service,No internet service,No internet service,Two year,No,Credit card (automatic),19.95,1269.1,6382
Female,No,Yes,No,70,Yes,Yes,DSL,Yes,Yes,No,No,Yes,No,Two year,Yes,Credit card (automatic),69.2,4872.35,4715
Female,Yes,Yes,No,72,Yes,Yes,Fiber optic,No,Yes,Yes,No,Yes,Yes,One year,Yes,Credit card (automatic),105.75,7629.85,5832
Male,No,No,No,56,Yes,No,DSL,Yes,No,Yes,No,No,No,One year,No,Mailed check,52.7,3019.7,4753
Female,No,No,No,12,Yes,No,Fiber optic,No,No,Yes,No,Yes,Yes,One year,No,Mailed check,95.5,1115.15,3538
Female,No,No,No,1,Yes,No,Fiber optic,No,No,No,No,No,No,Month-to-month,No,Mailed check,70.75,70.75,3963
Female,No,No,No,41,Yes,Yes,Fiber optic,Yes,Yes,Yes,Yes,Yes,Yes,Month-to-month,Yes,Bank transfer (automatic),114.5,4527.45,3038
Male,No,No,Yes,1,Yes,No,DSL,No,No,No,Yes,No,Yes,Month-to-month,Yes,Mailed check,59.55,59.55,5824
Female,No,No,No,13,Yes,No,No,No internet service,No internet service,No internet service,No internet service,No internet service,No internet service,One year,No,Electronic check,19.65,244.8,2024
Male,No,Yes,No,26,Yes,Yes,Fiber optic,No,No,No,No,Yes,No,Month-to-month,Yes,Electronic check,83.75,2070.6,2404
Female,No,No,Yes,16,Yes,Yes,Fiber optic,No,No,No,Yes,No,No,One year,Yes,Credit card (automatic),79.5,1264.2,5040
Male,No,No,No,3,Yes,No,DSL,No,No,No,No,No,Yes,Month-to-month,No,Mailed check,54.65,189.1,2168
Male,No,No,No,58,Yes,No,DSL,No,Yes,Yes,Yes,Yes,No,Two year,No,Bank transfer (automatic),70.1,4048.95,4474
Female,Yes,Yes,No,72,Yes,Yes,DSL,Yes,Yes,Yes,Yes,Yes,Yes,Two year,No,Credit card (automatic),89.1,6352.4,4627
Male,No,No,No,56,Yes,No,No,No internet service,No internet service,No internet service,No internet service,No internet service,No internet service,One year,Yes,Mailed check,21.2,1238.65,6473
Male,No,No,No,1,Yes,No,Fiber optic,No,No,No,No,No,No,Month-to-month,Yes,Electronic check,69.65,69.65,5258
Female,No,Yes,No,33,Yes,No,DSL,No,Yes,No,Yes,No,No,One year,Yes,Credit card (automatic),53.75,1857.3,3160
Male,Yes,Yes,No,13,Yes,Yes,Fiber optic,Yes,Yes,No,No,No,Yes,Month-to-month,No,Credit card (automatic),93.8,1261.0,5870
Male,No,No,No,57,Yes,Yes,Fiber optic,No,No,No,No,Yes,No,One year,Yes,Electronic check,86.9,4939.25,6109
Female,No,Yes,No,18,Yes,No,Fiber optic,Yes,No,No,No,No,No,Month-to-month,No,Electronic check,74.8,1438.05,4809
Male,No,No,No,42,Yes,Yes,Fiber optic,No,Yes,No,No,Yes,Yes,Month-to-month,Yes,Electronic check,101.75,4273.45,5545
Male,No,Yes,No,32,Yes,Yes,DSL,Yes,No,No,Yes,Yes,No,One year,Yes,Credit card (automatic),72.8,2333.05,3278
Male,No,Yes,Yes,34,Yes,No,No,No internet service,No internet service,No internet service,No internet service,No internet service,No internet service,Month-to-month,No,Mailed check,20.8,635.9,4985
Male,No,Yes,No,64,Yes,Yes,Fiber optic,No,Yes,No,Yes,Yes,Yes,Two year,Yes,Electronic check,105.25,6823.4,5682
Female,No,No,No,11,Yes,Yes,Fiber optic,No,No,No,No,No,No,Month-to-month,Yes,Electronic check,76.5,837.95,2291
Female,No,Yes,No,49,Yes,Yes,Fiber optic,Yes,No,No,No,Yes,Yes,Month-to-month,Yes,Mailed check,100.85,4847.35,5417
Female,No,Yes,No,23,Yes,No,Fiber optic,No,Yes,Yes,Yes,No,No,Month-to-month,No,Electronic check,83.8,1900.25,5737
Female,No,Yes,No,56,Yes,Yes,DSL,Yes,No,Yes,No,No,Yes,One year,Yes,Bank transfer (automatic),68.75,3808.0,6198
Female,No,No,No,25,Yes,No,No,No internet service,No internet service,No internet service,No internet service,No internet service,No internet service,Month-to-month,No,Mailed check,19.05,461.3,2692
Male,Yes,Yes,No,8,No,No phone service,DSL,No,Yes,Yes,No,No,Yes,Month-to-month,Yes,Mailed check,43.35,371.4,2560
Female,No,Yes,No,34,Yes,Yes,DSL,Yes,Yes,No,Yes,No,No,Month-to-month,No,Electronic check,62.65,2274.9,3918
Male,No,No,Yes,6,Yes,Yes,No,No internet service,No internet service,No internet service,No internet service,No internet service,No internet service,Month-to-month,No,Mailed check,26.35,184.05,2189
Male,No,No,No,23,Yes,Yes,Fiber optic,No,No,Yes,Yes,Yes,Yes,Month-to-month,Yes,Mailed check,104.05,2470.1,5963
Male,No,Yes,Yes,31,No,No phone service,DSL,Yes,No,No,Yes,No,No,Month-to-month,No,Bank transfer (automatic),35.4,1077.5,2067
Male,No,Yes,Yes,12,No,No phone service,DSL,No,Yes,No,Yes,No,No,Month-to-month,No,Mailed check,35.5,432.25,2562
Female,No,No,No,4,Yes,Yes,Fiber optic,Yes,No,No,No,No,No,Month-to-month,Yes,Electronic check,80.15,319.85,2841
Female,No,Yes,No,63,Yes,Yes,Fiber optic,Yes,Yes,Yes,No,Yes,No,Month-to-month,Yes,Electronic check,100.55,6215.35,5413
Male,No,No,No,2,Yes,No,No,No internet service,No internet service,No internet service,No internet service,No internet service,No internet service,Month-to-month,Yes,Mailed check,19.65,38.8,3007
Female,No,Yes,Yes,71,Yes,No,No,No internet service,No internet service,No internet service,No internet service,No internet service,No internet service,Two year,No,Bank transfer (automatic),20.5,1500.95,4941
Female,No,Yes,Yes,37,Yes,Yes,Fiber optic,No,Yes,No,No,Yes,No,Month-to-month,Yes,Electronic check,88.8,3340.55,3746
Female,No,No,No,1,Yes,No,DSL,No,No,No,No,No,No,Month-to-month,No,Electronic check,45.15,45.15,5828
Male,Yes,Yes,No,2,Yes,No,Fiber optic,No,No,No,No,No,No,Month-to-month,No,Electronic check,70.1,141.65,5592
Female,No,Yes,No,7,Yes,No,Fiber optic,No,No,No,No,Yes,No,Month-to-month,Yes,Electronic check,81.1,576.65,3238
Male,Yes,No,No,69,Yes,Yes,DSL,Yes,No,Yes,Yes,No,Yes,Two year,No,Credit card (automatic),74.1,5031.0,4204
Male,No,No,No,19,Yes,No,Fiber optic,No,Yes,Yes,No,No,No,Month-to-month,Yes,Electronic check,78.25,1490.95,3666
Female,No,No,Yes,19,Yes,No,Fiber optic,Yes,No,Yes,Yes,Yes,Yes,Month-to-month,Yes,Electronic check,106.6,1934.45,3764
Male,No,Yes,No,72,Yes,Yes,DSL,Yes,Yes,Yes,Yes,Yes,Yes,Two year,Yes,Bank transfer (automatic),87.1,6230.1,5993
Female,No,No,No,29,Yes,Yes,Fiber optic,No,No,Yes,No,Yes,Yes,Month-to-month,Yes,Credit card (automatic),98.6,2933.2,5144
Female,Yes,No,No,3,Yes,No,DSL,No,No,No,No,No,No,Month-to-month,No,Electronic check,45.0,127.1,4145
Female,No,Yes,Yes,11,Yes,No,DSL,Yes,No,No,No,No,No,Month-to-month,No,Bank transfer (automatic),51.0,581.7,5777
Female,Yes,No,No,33,No,No phone service,DSL,Yes,Yes,Yes,No,Yes,Yes,Month-to-month,Yes,Bank transfer (automatic),59.45,1884.65,3116
Female,No,Yes,No,72,Yes,Yes,Fiber optic,No,Yes,No,No,Yes,Yes,Two year,Yes,Credit card (automatic),97.7,6869.7,5406
Male,Yes,No,No,5,Yes,No,No,No internet service,No internet service,No internet service,No internet service,No internet service,No internet service,Month-to-month,No,Bank transfer (automatic),20.05,94.15,2154
Male,Yes,Yes,No,58,No,No phone service,DSL,No,Yes,Yes,No,No,Yes,Month-to-month,Yes,Electronic check,45.3,2651.2,5444
Male,No,Yes,No,71,Yes,Yes,Fiber optic,No,Yes,No,Yes,Yes,Yes,Two year,Yes,Credit card (automatic),104.15,7365.3,5973
Male,No,No,No,9,No,No phone service,DSL,No,No,No,No,Yes,Yes,Month-to-month,Yes,Electronic check,45.4,418.8,5028
Female,No,No,No,1,Yes,Yes,DSL,No,No,No,No,No,No,Month-to-month,Yes,Electronic check,50.1,50.1,5617
Female,No,No,No,2,Yes,Yes,DSL,No,No,No,Yes,No,No,Month-to-month,Yes,Mailed check,54.35,117.05,4916
Male,No,Yes,No,37,Yes,No,No,No internet service,No internet service,No internet service,No internet service,No internet service,No internet service,Month-to-month,No,Bank transfer (automatic),20.35,697.65,3078
Male,No,Yes,Yes,6,Yes,No,DSL,No,Yes,Yes,No,No,No,Month-to-month,Yes,Mailed check,55.3,324.25,3878
Female,No,Yes,No,24,Yes,Yes,DSL,Yes,Yes,Yes,No,No,No,Month-to-month,No,Mailed check,66.3,1559.45,2235
Male,No,No,No,54,Yes,Yes,DSL,Yes,No,Yes,Yes,Yes,Yes,Two year,No,Bank transfer (automatic),87.1,4735.2,5418
Male,No,No,Yes,23,Yes,No,No,No internet service,No internet service,No internet service,No internet service,No internet service,No internet service,One year,No,Mailed check,19.8,465.45,3058
Male,Yes,Yes,No,18,Yes,No,Fiber optic,No,No,No,No,No,Yes,Month-to-month,No,Electronic check,78.55,1422.65,3521
Male,No,Yes,No,72,No,No phone service,DSL,Yes,Yes,Yes,Yes,Yes,Yes,Two year,Yes,Electronic check,64.7,4746.05,6075
Female,No,No,Yes,53,Yes,Yes,DSL,No,Yes,Yes,Yes,Yes,Yes,One year,Yes,Electronic check,84.6,4449.75,4733
Female,No,Yes,Yes,24,Yes,Yes,DSL,Yes,No,Yes,No,Yes,Yes,Two year,No,Credit card (automatic),78.6,1846.65,2939
Male,Yes,Yes,No,56,Yes,No,DSL,Yes,Yes,Yes,Yes,Yes,Yes,Two year,Yes,Bank transfer (automatic),85.65,4824.45,6500
Male,No,Yes,No,23,Yes,No,Fiber optic,Yes,No,No,Yes,Yes,Yes,Month-to-month,Yes,Electronic check,99.85,2331.3,3425
Female,No,Yes,Yes,71,Yes,Yes,No,No internet service,No internet service,No internet service,No internet service,No internet service,No internet service,Two year,No,Bank transfer (automatic),25.45,1813.35,4993
Male,No,No,No,1,No,No phone service,DSL,No,No,No,No,Yes,Yes,Month-to-month,Yes,Mailed check,45.3,45.3,4954
Female,Yes,No,No,22,Yes,Yes,Fiber optic,No,No,No,No,No,No,Month-to-month,Yes,Bank transfer (automatic),74.4,1692.6,2407
Male,No,No,No,57,Yes,No,No,No internet service,No internet service,No internet service,No internet service,No internet service,No internet service,Two year,No,Credit card (automatic),20.55,1252.85,4565
Male,No,Yes,No,69,No,No phone service,DSL,Yes,No,Yes,Yes,Yes,Yes,Two year,No,Bank transfer (automatic),60.25,4055.5,5717
Female,No,Yes,No,57,Yes,Yes,Fiber optic,No,Yes,Yes,No,Yes,Yes,Month-to-month,Yes,Credit card (automatic),104.5,5921.35,4471
Female,No,No,No,47,Yes,Yes,DSL,Yes,No,Yes,Yes,No,No,Two year,Yes,Mailed check,65.0,2879.9,3286
Male,No,Yes,Yes,15,Yes,No,No,No internet service,No internet service,No internet service,No internet service,No internet service,No internet service,Month-to-month,Yes,Electronic check,20.0,288.05,4672
Female,No,No,No,29,No,No phone service,DSL,No,No,No,Yes,No,No,Month-to-month,Yes,Electronic check,31.2,926.2,4761
Female,No,Yes,No,26,Yes,Yes,No,No internet service,No internet service,No internet service,No internet service,No internet service,No internet service,One year,No,Mailed check,26.0,684.05,2244
Male,No,No,No,31,Yes,No,No,No internet service,No internet service,No internet service,No internet service,No internet service,No internet service,Two year,No,Mailed check,20.45,638.55,2598
Male,Yes,No,No,11,Yes,No,Fiber optic,No,No,No,No,No,Yes,Month-to-month,Yes,Electronic check,78.5,874.2,4333
Female,No,No,No,42,Yes,Yes,DSL,No,No,Yes,Yes,Yes,Yes,Two year,Yes,Credit card (automatic),78.45,3373.4,3192
Female,No,Yes,Yes,67,No,No phone service,DSL,Yes,Yes,Yes,Yes,Yes,No,Two year,No,Credit card (automatic),54.2,3623.95,5261
Male,Yes,Yes,No,33,Yes,Yes,Fiber optic,No,Yes,No,No,Yes,Yes,Month-to-month,Yes,Bank transfer (automatic),100.6,3270.25,3669
Female,No,Yes,No,8,Yes,No,No,No internet service,No internet service,No internet service,No internet service,No internet service,No internet service,One year,No,Electronic check,19.8,160.05,5698
Female,Yes,No,No,4,Yes,Yes,Fiber optic,No,No,No,No,Yes,Yes,Month-to-month,Yes,Electronic check,95.45,396.1,3677
Male,No,Yes,No,66,No,No phone service,DSL,Yes,Yes,Yes,Yes,Yes,No,Two year,Yes,Bank transfer (automatic),56.6,3789.2,5500
Male,No,No,No,56,Yes,Yes,Fiber optic,No,Yes,No,Yes,No,Yes,Month-to-month,Yes,Electronic check,94.45,5124.6,4830
Female,Yes,Yes,No,5,Yes,Yes,Fiber optic,No,Yes,No,No,No,No,Month-to-month,Yes,Electronic check,81.0,371.65,4287
Male,No,Yes,No,11,Yes,Yes,Fiber optic,No,Yes,No,No,No,No,Month-to-month,Yes,Bank transfer (automatic),80.5,896.9,5119
Female,Yes,No,No,6,No,No phone service,DSL,No,No,No,No,Yes,Yes,Month-to-month,Yes,Electronic check,44.4,263.05,4611
Male,No,Yes,Yes,36,Yes,No,No,No internet service,No internet service,No internet service,No internet service,No internet service,No internet service,Two year,No,Credit card (automatic),19.45,754.5,5745
Male,No,Yes,No,1,Yes,No,Fiber optic,No,No,No,No,Yes,No,Month-to-month,Yes,Electronic check,80.55,80.55,4273
Male,No,Yes,No,40,Yes,No,Fiber optic,No,Yes,Yes,No,No,No,One year,No,Electronic check,80.8,3132.75,3387
Male,No,Yes,No,70,Yes,Yes,Fiber optic,No,Yes,Yes,No,Yes,No,One year,Yes,Bank transfer (automatic),95.0,6602.9,6259
Male,No,No,No,44,Yes,Yes,DSL,No,Yes,Yes,Yes,Yes,Yes,One year,Yes,Bank transfer (automatic),85.25,3704.15,2292
Female,No,No,No,5,Yes,No,Fiber optic,No,No,No,No,Yes,No,Month-to-month,Yes,Credit card (automatic),81.0,389.6,3718
Female,No,No,No,17,Yes,No,No,No internet service,No internet service,No internet service,No internet service,No internet service,No internet service,One year,No,Mailed check,19.55,280.85,4947
Male,No,Yes,No,72,Yes,Yes,No,No internet service,No internet service,No internet service,No internet service,No internet service,No internet service,Two year,No,Credit card (automatic),24.8,1874.3,6251
Female,No,No,No,24,Yes,No,DSL,Yes,No,No,Yes,No,No,Month-to-month,No,Credit card (automatic),56.35,1381.2,5128
Male,No,No,No,41,Yes,Yes,Fiber optic,No,Yes,Yes,No,Yes,Yes,Month-to-month,Yes,Electronic check,104.7,4346.4,3316
Male,No,Yes,Yes,54,Yes,Yes,DSL,Yes,Yes,No,Yes,No,No,Two year,Yes,Credit card (automatic),65.65,3566.7,5725
Male,No,Yes,Yes,4,Yes,Yes,No,No internet service,No internet service,No internet service,No internet service,No internet service,No internet service,One year,No,Credit card (automatic),24.1,73.1,4463
Female,No,No,Yes,13,No,No phone service,DSL,No,Yes,No,No,No,No,Month-to-month,No,Electronic check,30.15,382.2,3540
Female,No,Yes,Yes,72,Yes,Yes,No,No internet service,No internet service,No internet service,No internet service,No internet service,No internet service,Two year,Yes,Bank transfer (automatic),26.25,1988.05,5098
Male,No,Yes,Yes,13,Yes,No,No,No internet service,No internet service,No internet service,No internet service,No internet service,No internet service,Month-to-month,Yes,Mailed check,19.85,252.0,2928
Female,No,Yes,No,1,Yes,No,No,No internet service,No internet service,No internet service,No internet service,No internet service,No internet service,Month-to-month,Yes,Mailed check,20.65,20.65,4517
Female,No,No,No,63,Yes,No,Fiber optic,No,No,Yes,Yes,Yes,No,One year,Yes,Credit card (automatic),90.05,5817.0,4039
Female,No,Yes,No,21,Yes,Yes,Fiber optic,Yes,No,Yes,No,Yes,Yes,Month-to-month,Yes,Bank transfer (automatic),104.4,2200.25,5570
Male,No,Yes,Yes,72,Yes,Yes,Fiber optic,No,Yes,Yes,Yes,Yes,Yes,Two year,No,Credit card (automatic),110.9,7922.75,6444
Male,No,No,No,48,Yes,No,No,No internet service,No internet service,No internet service,No internet service,No internet service,No internet service,Two year,No,Credit card (automatic),20.15,982.95,4399
Female,No,Yes,Yes,70,Yes,No,No,No internet service,No internet service,No internet service,No internet service,No internet service,No internet service,Two year,Yes,Credit card (automatic),20.15,1411.2,5219
Male,No,No,No,72,Yes,Yes,Fiber optic,No,Yes,Yes,No,Yes,Yes,Two year,Yes,Bank transfer (automatic),100.9,7459.05,5781
Female,No,No,No,19,Yes,No,DSL,No,No,No,No,No,Yes,Month-to-month,Yes,Electronic check,56.2,1093.4,3384
Female,No,No,No,35,Yes,Yes,Fiber optic,No,No,No,No,Yes,No,Month-to-month,Yes,Electronic check,86.45,3029.1,5874
Female,No,Yes,No,68,Yes,Yes,DSL,Yes,Yes,Yes,Yes,Yes,Yes,Two year,Yes,Electronic check,91.7,6424.7,4113
Male,No,No,No,4,Yes,No,Fiber optic,No,No,Yes,No,No,Yes,Month-to-month,No,Electronic check,86.05,308.1,3653
Male,No,Yes,No,44,Yes,No,Fiber optic,No,No,No,No,Yes,Yes,One year,Yes,Bank transfer (automatic),90.65,3974.15,3786
Female,No,No,No,60,No,No phone service,DSL,No,Yes,No,No,Yes,Yes,Month-to-month,Yes,Electronic check,50.8,3027.4,4941
Male,No,No,Yes,27,Yes,No,No,No internet service,No internet service,No internet service,No internet service,No internet service,No internet service,Two year,No,Mailed check,20.6,581.85,2924
Male,No,No,Yes,35,Yes,No,DSL,No,No,No,Yes,Yes,Yes,One year,Yes,Mailed check,72.1,2495.15,5510
Female,No,Yes,No,70,Yes,Yes,Fiber optic,No,No,Yes,No,Yes,Yes,One year,Yes,Electronic check,101.75,7069.3,5596
Female,No,Yes,No,2,Yes,No,DSL,No,No,Yes,No,Yes,Yes,Month-to-month,No,Credit card (automatic),69.0,147.8,2798
Male,No,No,No,2,Yes,No,Fiber optic,No,Yes,No,No,No,No,Month-to-month,Yes,Electronic check,74.75,144.8,4545
Female,No,Yes,No,72,Yes,Yes,Fiber optic,Yes,Yes,Yes,Yes,Yes,Yes,Two year,No,Electronic check,115.15,8349.7,4761
Female,No,Yes,No,71,Yes,Yes,DSL,Yes,Yes,Yes,Yes,Yes,Yes,Two year,No,Mailed check,91.05,6293.75,4644
Male,No,Yes,No,66,Yes,Yes,Fiber optic,No,Yes,Yes,No,Yes,Yes,Month-to-month,Yes,Credit card (automatic),105.0,7133.25,5723
Female,Yes,No,No,52,Yes,Yes,Fiber optic,Yes,Yes,Yes,No,Yes,Yes,Month-to-month,No,Credit card (automatic),108.1,5839.3,4251
Male,No,Yes,Yes,53,Yes,No,DSL,No,Yes,No,Yes,Yes,No,Month-to-month,No,Credit card (automatic),65.0,3363.8,5534
Male,No,Yes,Yes,66,Yes,Yes,DSL,No,Yes,Yes,No,Yes,Yes,Two year,No,Bank transfer (automatic),79.85,5234.95,6236
Female,No,No,No,23,Yes,Yes,DSL,Yes,No,No,No,No,No,Month-to-month,No,Electronic check,54.4,1249.25,2989
Male,No,No,No,3,Yes,No,Fiber optic,No,No,No,No,Yes,No,Month-to-month,No,Electronic check,79.25,267.6,4183
Female,No,No,No,23,Yes,Yes,Fiber optic,No,Yes,No,No,No,No,Month-to-month,Yes,Electronic check,79.15,1676.95,5216
Male,Yes,Yes,No,59,No,No phone service,DSL,No,Yes,No,No,Yes,Yes,Month-to-month,Yes,Electronic check,50.25,2997.45,5546
Female,No,No,No,60,Yes,No,Fiber optic,Yes,No,Yes,Yes,Yes,Yes,Month-to-month,Yes,Bank transfer (automatic),104.95,6236.75,5926
Female,No,No,No,66,Yes,Yes,Fiber optic,Yes,Yes,Yes,Yes,No,Yes,Month-to-month,Yes,Bank transfer (automatic),103.1,6595.0,6183
Female,No,No,No,15,Yes,No,DSL,Yes,Yes,Yes,Yes,No,No,One year,No,Credit card (automatic),65.6,1010.0,2976
Male,No,No,No,60,Yes,Yes,Fiber optic,No,Yes,No,No,Yes,No,Month-to-month,Yes,Bank transfer (automatic),89.9,5450.7,6292
Female,No,No,No,46,Yes,No,Fiber optic,No,Yes,Yes,Yes,Yes,Yes,Two year,Yes,Bank transfer (automatic),104.4,4904.2,4190
Female,No,No,No,45,Yes,Yes,Fiber optic,No,Yes,No,No,Yes,No,Month-to-month,Yes,Credit card (automatic),89.3,4016.85,4880
Male,No,Yes,Yes,44,No,No phone service,DSL,Yes,Yes,Yes,Yes,No,Yes,Two year,Yes,Credit card (automatic),54.05,2375.2,4896
Female,No,No,Yes,46,Yes,No,Fiber optic,No,Yes,Yes,No,Yes,Yes,Month-to-month,Yes,Electronic check,99.8,4391.25,2405
Male,No,Yes,Yes,13,Yes,Yes,No,No internet service,No internet service,No internet service,No internet service,No internet service,No internet service,One year,No,Bank transfer (automatic),24.5,343.6,5077
Male,No,Yes,Yes,69,Yes,Yes,Fiber optic,Yes,Yes,Yes,Yes,Yes,Yes,Two year,Yes,Bank transfer (automatic),114.35,7665.8,6082
Male,Yes,No,No,1,Yes,Yes,Fiber optic,No,No,No,No,No,No,Month-to-month,Yes,Electronic check,74.4,74.4,3429
Female,No,No,No,7,Yes,No,Fiber optic,No,No,Yes,No,Yes,Yes,Month-to-month,Yes,Electronic check,95.35,660.9,3077
Female,No,Yes,No,71,No,No phone service,DSL,No,Yes,Yes,Yes,Yes,Yes,Two year,No,Bank transfer (automatic),58.25,4145.9,5224
Male,No,Yes,No,27,Yes,No,No,No internet service,No internet service,No internet service,No internet service,No internet service,No internet service,Two year,No,Bank transfer (automatic),19.55,520.55,4430
Female,Yes,No,No,64,Yes,Yes,DSL,No,Yes,Yes,Yes,No,Yes,Month-to-month,No,Credit card (automatic),74.65,4869.35,5113
Male,No,No,No,69,Yes,Yes,DSL,Yes,Yes,Yes,Yes,No,Yes,Two year,Yes,Credit card (automatic),81.5,5553.25,5286
Male,No,No,No,1,Yes,No,No,No internet service,No internet service,No internet service,No internet service,No internet service,No internet service,Month-to-month,No,Bank transfer (automatic),20.2,20.2,5526
Male,No,Yes,No,33,Yes,No,DSL,No,No,Yes,Yes,Yes,Yes,One year,Yes,Mailed check,73.9,2405.05,5374
Female,No,No,No,1,No,No phone service,DSL,No,No,No,No,Yes,No,Month-to-month,Yes,Electronic check,34.7,34.7,4476
Male,Yes,Yes,No,20,Yes,Yes,Fiber optic,No,Yes,No,Yes,Yes,Yes,Month-to-month,No,Electronic check,107.05,2172.05,5328
Male,No,No,No,12,Yes,Yes,Fiber optic,No,Yes,Yes,Yes,Yes,Yes,Month-to-month,Yes,Mailed check,112.95,1384.75,3965
Female,No,No,Yes,10,Yes,Yes,DSL,Yes,No,Yes,Yes,No,Yes,One year,No,Credit card (automatic),73.55,693.3,4434
Female,Yes,No,No,44,Yes,Yes,Fiber optic,Yes,Yes,Yes,No,Yes,Yes,One year,Yes,Credit card (automatic),109.8,4860.35,5720
Female,No,No,No,13,No,No phone service,DSL,No,Yes,No,No,No,No,Month-to-month,Yes,Electronic check,31.65,389.95,4959
Male,No,Yes,No,56,Yes,No,No,No internet service,No internet service,No internet service,No internet service,No internet service,No internet service,One year,No,Credit card (automatic),19.95,1126.75,4838
Male,No,No,No,2,Yes,No,Fiber optic,No,No,Yes,No,Yes,Yes,Month-to-month,Yes,Electronic check,95.85,197.7,3790
Female,Yes,No,No,17,Yes,Yes,Fiber optic,No,No,No,No,Yes,Yes,Month-to-month,Yes,Electronic check,94.2,1608.15,4425
Male,No,No,No,22,Yes,Yes,DSL,Yes,No,No,No,No,No,Month-to-month,Yes,Electronic check,54.45,1127.35,2445
Female,No,No,No,51,Yes,Yes,Fiber optic,No,Yes,Yes,Yes,Yes,Yes,One year,Yes,Electronic check,111.5,5703.25,4363
Male,No,No,No,6,Yes,No,DSL,Yes,Yes,No,No,No,No,Month-to-month,Yes,Bank transfer (automatic),55.7,335.65,2482
Female,No,No,No,1,Yes,No,Fiber optic,Yes,No,No,No,Yes,Yes,Month-to-month,Yes,Electronic check,95.6,95.6,4091
Male,Yes,No,No,9,Yes,No,Fiber optic,No,No,No,No,No,Yes,Month-to-month,Yes,Electronic check,79.55,718.55,5811
Male,Yes,No,No,29,Yes,No,Fiber optic,No,Yes,Yes,No,Yes,Yes,Month-to-month,Yes,Bank transfer (automatic),101.45,2948.6,5285
Male,No,No,No,1,Yes,No,DSL,No,No,No,No,No,No,Month-to-month,Yes,Electronic check,45.6,45.6,3037
Female,No,Yes,Yes,49,Yes,No,DSL,Yes,No,Yes,Yes,No,No,Month-to-month,No,Bank transfer (automatic),61.75,3024.15,5511
Male,No,Yes,Yes,8,Yes,No,DSL,No,No,No,No,No,No,Month-to-month,No,Bank transfer (automatic),44.65,369.15,5724
Female,No,No,No,9,Yes,No,Fiber optic,No,No,No,No,No,Yes,Month-to-month,Yes,Electronic check,79.55,723.4,3246
Female,No,Yes,No,41,Yes,No,Fiber optic,No,Yes,Yes,Yes,No,No,One year,Yes,Bank transfer (automatic),86.2,3339.05,5325
Female,No,No,No,6,Yes,No,DSL,No,No,No,Yes,No,No,Month-to-month,Yes,Bank transfer (automatic),50.8,288.05,4713
Female,No,Yes,No,33,Yes,Yes,Fiber optic,Yes,No,Yes,No,Yes,Yes,One year,Yes,Mailed check,103.7,3467.0,4461
Female,No,Yes,Yes,39,Yes,No,No,No internet service,No internet service,No internet service,No internet service,No internet service,No internet service,Two year,No,Mailed check,19.75,757.95,3944
Female,Yes,No,No,1,Yes,Yes,DSL,No,No,No,No,No,No,Month-to-month,No,Mailed check,50.55,50.55,3357
Male,No,No,No,13,Yes,No,DSL,No,Yes,No,Yes,Yes,Yes,Month-to-month,No,Mailed check,73.35,931.55,4645
Male,Yes,No,No,22,Yes,Yes,Fiber optic,No,No,No,No,Yes,Yes,Month-to-month,Yes,Electronic check,96.7,2082.95,4458
Female,Yes,No,No,55,Yes,Yes,Fiber optic,No,No,Yes,No,Yes,Yes,One year,Yes,Electronic check,100.15,5409.75,5182
Female,No,No,No,3,Yes,No,Fiber optic,No,No,No,No,Yes,No,Month-to-month,Yes,Electronic check,80.5,232.35,2032
Male,No,No,No,51,Yes,No,DSL,No,No,No,Yes,No,No,One year,No,Credit card (automatic),47.85,2356.75,4138
Male,No,No,No,52,Yes,No,DSL,Yes,No,Yes,No,No,No,One year,No,Electronic check,53.75,2790.65,5957
Female,No,No,No,30,No,No phone service,DSL,No,No,No,Yes,No,Yes,One year,Yes,Credit card (automatic),40.35,1187.05,5455
Male,No,Yes,Yes,40,Yes,Yes,No,No internet service,No internet service,No internet service,No internet service,No internet service,No internet service,Two year,No,Credit card (automatic),25.25,1006.9,3217
Male,No,Yes,No,14,Yes,Yes,Fiber optic,No,No,No,No,No,Yes,Month-to-month,Yes,Electronic check,85.15,1139.2,4550
Female,No,No,Yes,41,Yes,No,DSL,No,No,No,No,No,No,Month-to-month,No,Bank transfer (automatic),45.2,1841.9,4418
Male,No,No,Yes,43,No,No phone service,DSL,Yes,Yes,Yes,No,No,No,Month-to-month,Yes,Electronic check,40.45,1912.85,3176
Male,No,Yes,No,72,Yes,Yes,DSL,No,Yes,Yes,Yes,Yes,Yes,Two year,Yes,Bank transfer (automatic),85.15,6316.2,6322
Male,No,Yes,Yes,28,No,No phone service,DSL,Yes,No,Yes,Yes,Yes,No,One year,No,Mailed check,50.8,1386.8,3240
Female,No,Yes,Yes,68,Yes,Yes,Fiber optic,No,Yes,Yes,No,No,No,Two year,Yes,Credit card (automatic),84.4,5746.75,5045
Female,No,Yes,Yes,62,Yes,Yes,Fiber optic,No,Yes,Yes,Yes,Yes,Yes,One year,Yes,Electronic check,110.8,6840.95,4306
Male,No,No,Yes,1,Yes,No,DSL,No,No,No,No,No,No,Month-to-month,Yes,Electronic check,44.4,44.4,4067
Male,No,No,No,62,Yes,Yes,Fiber optic,No,No,Yes,No,Yes,Yes,One year,Yes,Electronic check,96.75,6125.4,5016
Female,No,Yes,Yes,39,Yes,Yes,No,No internet service,No internet service,No internet service,No internet service,No internet service,No internet service,One year,Yes,Mailed check,24.2,914.6,3109
Female,No,No,No,1,Yes,No,Fiber optic,No,No,No,No,No,No,Month-to-month,Yes,Mailed check,70.7,70.7,4056
Female,No,No,No,2,Yes,No,DSL,No,No,Yes,Yes,Yes,Yes,Month-to-month,No,Electronic check,76.4,160.8,3005
Female,No,Yes,No,71,Yes,Yes,Fiber optic,No,No,No,No,Yes,Yes,Two year,Yes,Bank transfer (automatic),93.7,6585.35,4296
Female,No,No,No,3,Yes,Yes,DSL,No,No,No,No,No,No,Month-to-month,Yes,Mailed check,50.65,151.3,2876
Female,No,No,No,50,Yes,Yes,DSL,Yes,No,Yes,Yes,Yes,Yes,One year,Yes,Credit card (automatic),82.5,4179.1,5258
Female,No,Yes,No,21,Yes,No,DSL,Yes,No,Yes,Yes,Yes,Yes,One year,No,Mailed check,80.9,1714.95,5733
Female,No,No,No,8,Yes,No,DSL,No,Yes,No,Yes,Yes,No,Month-to-month,Yes,Electronic check,65.45,554.45,5227
Female,No,Yes,No,17,Yes,Yes,Fiber optic,No,No,No,No,No,Yes,Month-to-month,Yes,Electronic check,85.45,1451.6,3670
Male,Yes,Yes,No,45,Yes,Yes,No,No internet service,No internet service,No internet service,No internet service,No internet service,No internet service,One year,No,Credit card (automatic),24.7,1174.35,5644
Male,No,Yes,Yes,4,Yes,Yes,DSL,No,No,No,No,No,No,Month-to-month,Yes,Electronic check,50.9,225.6,5691
Male,No,Yes,No,67,No,No phone service,DSL,Yes,Yes,No,Yes,No,Yes,Two year,Yes,Bank transfer (automatic),50.95,3521.7,6395
Female,No,No,No,3,No,No phone service,DSL,Yes,No,No,Yes,No,No,Month-to-month,No,Mailed check,34.25,139.35,2802
Female,No,Yes,No,61,Yes,Yes,Fiber optic,No,Yes,No,Yes,No,Yes,Two year,Yes,Bank transfer (automatic),94.35,5703.0,4676
Male,No,No,No,64,Yes,Yes,DSL,Yes,Yes,Yes,Yes,Yes,No,One year,No,Electronic check,81.25,5567.55,4761
Male,No,No,No,22,Yes,No,No,No internet service,No internet service,No internet service,No internet service,No internet service,No internet service,One year,No,Mailed check,19.6,422.5,2203
Male,No,No,No,4,Yes,No,DSL,No,No,No,No,No,Yes,Month-to-month,Yes,Electronic check,55.9,238.5,3545
Male,Yes,Yes,Yes,52,Yes,Yes,DSL,No,Yes,Yes,No,Yes,Yes,One year,Yes,Electronic check,80.85,4079.55,6090
Female,Yes,No,No,49,Yes,Yes,Fiber optic,Yes,No,No,No,Yes,Yes,Month-to-month,No,Credit card (automatic),101.55,5070.4,5348
Female,No,Yes,No,53,Yes,Yes,Fiber optic,No,Yes,Yes,Yes,Yes,Yes,One year,Yes,Bank transfer (automatic),108.95,5718.2,4163
Male,No,Yes,No,17,Yes,No,No,No internet service,No internet service,No internet service,No internet service,No internet service,No internet service,One year,No,Bank transfer (automatic),19.9,329.75,3526
Male,Yes,Yes,No,65,Yes,No,Fiber optic,No,No,No,No,No,No,One year,Yes,Bank transfer (automatic),70.95,4555.2,4871
Female,No,No,No,34,Yes,No,Fiber optic,No,Yes,Yes,Yes,Yes,Yes,Month-to-month,Yes,Electronic check,105.1,3634.8,3941
Male,Yes,Yes,No,3,Yes,Yes,Fiber optic,No,No,No,No,Yes,Yes,Month-to-month,Yes,Electronic check,94.6,279.55,3019
Male,No,No,No,9,Yes,No,No,No internet service,No internet service,No internet service,No internet service,No internet service,No internet service,Month-to-month,No,Mailed check,19.85,178.8,2788
Male,Yes,No,No,70,No,No phone service,DSL,No,No,No,No,Yes,Yes,One year,Yes,Electronic check,45.25,3264.45,5824
Female,No,Yes,Yes,72,Yes,Yes,Fiber optic,Yes,Yes,Yes,Yes,Yes,Yes,Two year,Yes,Bank transfer (automatic),115.8,8476.5,5841
Male,No,Yes,Yes,40,No,No phone service,DSL,No,Yes,Yes,Yes,Yes,Yes,One year,No,Mailed check,60.3,2448.5,3724
Female,No,No,No,58,Yes,Yes,DSL,Yes,Yes,Yes,Yes,No,No,One year,Yes,Credit card (automatic),71.1,4299.2,5395
Female,No,Yes,Yes,3,No,No phone service,DSL,Yes,No,No,No,No,No,Month-to-month,No,Credit card (automatic),29.7,91.7,2613
Male,No,No,No,1,Yes,No,DSL,Yes,No,No,No,No,No,Month-to-month,Yes,Mailed check,50.75,50.75,2250
Male,No,Yes,Yes,48,Yes,Yes,No,No internet service,No internet service,No internet service,No internet service,No internet service,No internet service,Two year,No,Bank transfer (automatic),26.3,1245.05,2111
Male,No,No,No,25,Yes,No,Fiber optic,No,No,Yes,Yes,Yes,Yes,Two year,No,Bank transfer (automatic),99.3,2513.5,3847
Female,No,Yes,No,49,Yes,Yes,Fiber optic,No,Yes,Yes,Yes,Yes,Yes,Two year,Yes,Bank transfer (automatic),107.95,5293.2,5785
Female,No,No,No,9,Yes,No,Fiber optic,Yes,No,No,No,No,No,Month-to-month,Yes,Credit card (automatic),74.25,639.65,5393
Female,No,Yes,No,15,Yes,No,Fiber optic,Yes,No,Yes,No,Yes,Yes,Month-to-month,No,Electronic check,101.75,1669.4,2919
Male,No,No,No,66,Yes,Yes,DSL,Yes,Yes,Yes,No,No,Yes,Two year,Yes,Credit card (automatic),74.6,4798.4,4838
Female,No,Yes,Yes,58,Yes,Yes,Fiber optic,No,Yes,Yes,No,Yes,Yes,One year,Yes,Credit card (automatic),105.2,6225.4,4605
Male,No,Yes,No,43,Yes,Yes,DSL,Yes,No,No,Yes,No,Yes,One year,Yes,Credit card (automatic),71.9,3173.35,4106
Female,No,Yes,No,43,Yes,Yes,DSL,No,No,No,Yes,Yes,No,One year,Yes,Bank transfer (automatic),64.85,2908.2,4000
Female,No,No,No,47,Yes,No,Fiber optic,Yes,No,No,No,No,No,Month-to-month,No,Credit card (automatic),75.45,3545.1,4995
Female,No,No,No,56,Yes,Yes,Fiber optic,No,Yes,Yes,No,Yes,Yes,One year,Yes,Electronic check,106.8,5914.4,6161
Male,No,Yes,Yes,72,No,No phone service,DSL,Yes,No,Yes,Yes,Yes,No,Two year,No,Mailed check,48.9,3527.0,5415
Female,No,No,No,16,Yes,No,Fiber optic,No,Yes,No,No,No,No,Month-to-month,No,Bank transfer (automatic),75.1,1212.85,5176
Female,No,Yes,No,68,Yes,No,DSL,No,Yes,No,Yes,Yes,No,Two year,No,Bank transfer (automatic),64.1,4326.25,5553
Female,No,Yes,No,15,Yes,No,No,No internet service,No internet service,No internet service,No internet service,No internet service,No internet service,One year,No,Mailed check,20.55,295.95,3009
Male,No,Yes,Yes,66,No,No phone service,DSL,No,No,Yes,Yes,Yes,Yes,Two year,No,Bank transfer (automatic),54.65,3632.0,4051
Female,Yes,Yes,No,3,Yes,No,Fiber optic,No,No,No,No,Yes,No,Month-to-month,Yes,Electronic check,80.4,224.05,3834
Female,No,Yes,No,72,Yes,Yes,Fiber optic,Yes,Yes,Yes,No,Yes,Yes,Two year,No,Credit card (automatic),109.7,8129.3,5945
Male,No,No,No,27,Yes,No,No,No internet service,No internet service,No internet service,No internet service,No internet service,No internet service,Two year,No,Credit card (automatic),20.35,531.6,4962
Female,No,Yes,Yes,3,Yes,No,No,No internet service,No internet service,No internet service,No internet service,No internet service,No internet service,Month-to-month,No,Mailed check,19.65,60.65,4943
Male,No,No,No,22,Yes,Yes,Fiber optic,No,Yes,No,No,No,No,Month-to-month,Yes,Electronic check,79.35,1730.35,4718
Female,No,Yes,No,58,Yes,No,DSL,Yes,Yes,No,No,Yes,No,Month-to-month,Yes,Credit card (automatic),65.25,3791.6,5912
Female,No,Yes,Yes,72,Yes,Yes,No,No internet service,No internet service,No internet service,No internet service,No internet service,No internet service,One year,Yes,Bank transfer (automatic),23.3,1623.15,4152
Female,No,No,No,32,Yes,Yes,Fiber optic,No,Yes,Yes,No,Yes,Yes,One year,Yes,Credit card (automatic),104.05,3416.85,2335
Female,No,Yes,No,9,Yes,No,DSL,No,Yes,No,Yes,Yes,No,One year,Yes,Mailed check,65.6,593.3,2205
Female,No,Yes,Yes,8,Yes,No,DSL,No,Yes,No,Yes,No,No,Month-to-month,No,Bank transfer (automatic),56.3,401.5,3135
Male,No,No,No,5,Yes,No,DSL,No,No,Yes,No,Yes,Yes,One year,Yes,Mailed check,70.0,347.4,2673
Female,No,No,No,39,Yes,No,No,No internet service,No internet service,No internet service,No internet service,No internet service,No internet service,Two year,No,Mailed check,20.15,826.0,2007
Male,No,No,No,24,Yes,No,Fiber optic,No,No,No,No,No,Yes,Month-to-month,Yes,Credit card (automatic),79.85,2001.0,5128
Male,No,Yes,Yes,23,Yes,Yes,No,No internet service,No internet service,No internet service,No internet service,No internet service,No internet service,One year,No,Mailed check,24.35,538.5,4031
Female,Yes,No,No,8,Yes,Yes,Fiber optic,No,No,No,No,No,Yes,Month-to-month,No,Electronic check,85.2,695.75,2565
Male,No,No,No,55,Yes,No,DSL,No,Yes,No,Yes,No,Yes,One year,Yes,Electronic check,64.2,3627.3,5151
Male,No,Yes,No,1,Yes,No,Fiber optic,No,No,No,No,No,No,Month-to-month,Yes,Electronic check,68.5,68.5,5753
Female,No,Yes,No,23,Yes,No,DSL,No,No,No,Yes,Yes,No,One year,No,Bank transfer (automatic),60.0,1347.15,3835
Female,No,Yes,No,4,Yes,Yes,Fiber optic,No,Yes,No,No,Yes,No,Month-to-month,Yes,Electronic check,91.65,365.4,2140
Female,No,No,No,54,Yes,No,Fiber optic,No,No,Yes,No,Yes,Yes,One year,Yes,Credit card (automatic),94.1,5060.9,4084
Female,Yes,No,No,65,Yes,Yes,Fiber optic,No,Yes,Yes,No,Yes,No,Month-to-month,Yes,Bank transfer (automatic),95.45,6223.3,4168
Male,No,Yes,No,39,No,No phone service,DSL,No,No,No,No,No,No,One year,Yes,Credit card (automatic),25.25,947.75,4259
Male,No,Yes,No,51,Yes,Yes,Fiber optic,Yes,No,Yes,Yes,Yes,Yes,One year,Yes,Electronic check,111.55,5720.35,4053
Female,No,No,No,16,Yes,Yes,DSL,No,No,No,No,No,Yes,Month-to-month,Yes,Bank transfer (automatic),63.05,1067.05,3214
Female,No,Yes,Yes,37,Yes,Yes,Fiber optic,No,Yes,Yes,No,No,Yes,Month-to-month,Yes,Electronic check,95.15,3532.85,3407
Female,No,Yes,Yes,59,Yes,Yes,DSL,Yes,No,Yes,Yes,Yes,No,Two year,Yes,Mailed check,76.45,4519.5,5978
Female,Yes,Yes,Yes,48,Yes,No,Fiber optic,Yes,No,Yes,Yes,Yes,Yes,Month-to-month,Yes,Electronic check,104.5,5068.05,3847
Male,No,Yes,No,65,Yes,No,DSL,Yes,No,No,Yes,Yes,Yes,Two year,Yes,Bank transfer (automatic),74.8,4820.15,5207
Female,No,Yes,Yes,24,Yes,No,No,No internet service,No internet service,No internet service,No internet service,No internet service,No internet service,One year,No,Mailed check,19.9,533.5,4158
Female,No,No,No,8,Yes,No,DSL,Yes,No,No,Yes,No,Yes,Month-to-month,No,Bank transfer (automatic),66.05,574.5,4157
Male,No,No,No,22,Yes,Yes,Fiber optic,No,Yes,No,No,No,No,Month-to-month,Yes,Mailed check,78.85,1600.25,2444
Male,No,No,No,10,Yes,No,DSL,Yes,No,No,Yes,Yes,No,Month-to-month,No,Bank transfer (automatic),62.25,612.95,3415
Male,No,No,No,65,Yes,Yes,Fiber optic,No,Yes,Yes,Yes,Yes,Yes,Month-to-month,Yes,Electronic check,109.15,6941.2,6001
Female,No,Yes,No,23,Yes,Yes,Fiber optic,No,No,Yes,No,No,Yes,Month-to-month,No,Mailed check,90.15,2044.95,5110
Male,No,No,No,27,Yes,No,DSL,Yes,No,No,Yes,No,No,Month-to-month,No,Mailed check,53.45,1461.45,2191
Female,No,No,No,24,Yes,No,No,No internet service,No internet service,No internet service,No internet service,No internet service,No internet service,One year,No,Credit card (automatic),20.45,527.35,4690
Female,No,No,No,1,Yes,No,DSL,Yes,No,No,No,No,No,Month-to-month,Yes,Credit card (automatic),48.6,48.6,4207
Male,No,Yes,No,63,Yes,No,Fiber optic,Yes,No,Yes,No,Yes,Yes,Two year,No,Credit card (automatic),99.7,6330.4,5135
Male,No,Yes,Yes,60,Yes,No,DSL,Yes,Yes,Yes,No,No,No,Two year,No,Bank transfer (automatic),60.5,3694.45,6026
Female,No,No,No,31,No,No phone service,DSL,Yes,Yes,No,Yes,No,Yes,Two year,Yes,Bank transfer (automatic),49.85,1520.1,2539
Female,No,Yes,Yes,72,No,No phone service,DSL,No,Yes,No,Yes,Yes,Yes,Two year,No,Credit card (automatic),53.65,3784.0,5498
Male,No,Yes,Yes,22,Yes,No,No,No internet service,No internet service,No internet service,No internet service,No internet service,No internet service,One year,No,Bank transfer (automatic),20.25,488.25,3339
Female,Yes,No,No,7,Yes,No,DSL,No,Yes,Yes,No,Yes,No,Month-to-month,Yes,Electronic check,64.95,493.65,4615
Male,No,Yes,Yes,4,Yes,No,DSL,No,No,No,No,No,No,Month-to-month,No,Mailed check,45.25,155.35,2776
Female,No,No,No,5,Yes,Yes,No,No internet service,No internet service,No internet service,No internet service,No internet service,No internet service,Month-to-month,No,Mailed check,25.45,134.75,4855
Female,No,No,No,23,Yes,No,Fiber optic,No,Yes,No,Yes,No,No,Month-to-month,Yes,Mailed check,79.1,1783.75,3619
Male,No,Yes,Yes,8,Yes,No,No,No internet service,No internet service,No internet service,No internet service,No internet service,No internet service,Two year,No,Credit card (automatic),19.6,125.0,3214
Female,No,No,No,9,Yes,No,Fiber optic,No,No,No,No,No,No,Month-to-month,No,Electronic check,69.05,651.5,5121
Female,Yes,Yes,No,23,Yes,No,Fiber optic,Yes,No,No,No,Yes,Yes,Month-to-month,Yes,Electronic check,95.1,2326.05,4025
Male,No,Yes,Yes,72,Yes,Yes,DSL,Yes,Yes,Yes,Yes,No,No,Two year,No,Bank transfer (automatic),69.85,5102.35,6233
Male,No,No,No,25,Yes,No,Fiber optic,No,No,No,No,No,No,Month-to-month,No,Mailed check,70.95,1767.35,4881
Male,No,Yes,Yes,15,No,No phone service,DSL,Yes,No,No,No,No,No,Month-to-month,Yes,Bank transfer (automatic),30.2,469.65,5825
Male,No,No,No,7,Yes,No,DSL,No,No,No,No,Yes,No,Month-to-month,No,Mailed check,54.85,370.4,3481
Female,No,No,No,1,Yes,No,DSL,No,No,No,No,Yes,No,Month-to-month,Yes,Mailed check,53.55,53.55,2326
Male,Yes,Yes,No,7,Yes,Yes,Fiber optic,No,No,No,No,Yes,Yes,Month-to-month,Yes,Bank transfer (automatic),95.6,644.35,3265
Female,No,Yes,Yes,48,Yes,No,Fiber optic,Yes,No,Yes,No,Yes,Yes,One year,Yes,Bank transfer (automatic),99.7,4977.2,5921
Female,No,Yes,Yes,69,Yes,Yes,Fiber optic,No,Yes,Yes,Yes,Yes,Yes,One year,Yes,Bank transfer (automatic),108.75,7493.05,5874
Male,Yes,Yes,No,56,Yes,Yes,Fiber optic,Yes,No,Yes,No,Yes,Yes,One year,Yes,Bank transfer (automatic),104.55,5794.65,6268
Male,Yes,No,No,3,Yes,No,Fiber optic,No,No,No,No,Yes,No,Month-to-month,Yes,Electronic check,79.9,260.9,4367
Male,No,No,No,40,Yes,No,DSL,Yes,No,Yes,No,No,Yes,Month-to-month,No,Electronic check,67.45,2731.0,4714
Female,No,No,No,6,Yes,No,No,No internet service,No internet service,No internet service,No internet service,No internet service,No internet service,Two year,No,Mailed check,19.55,124.45,5980
Female,No,No,No,61,Yes,Yes,Fiber optic,No,No,Yes,Yes,Yes,Yes,Two year,Yes,Electronic check,106.6,6428.4,4183
Male,Yes,Yes,No,1,Yes,Yes,Fiber optic,No,No,No,No,Yes,No,Month-to-month,Yes,Electronic check,86.05,86.05,4843
Male,No,No,No,27,Yes,No,DSL,Yes,Yes,No,No,No,No,One year,No,Bank transfer (automatic),55.45,1477.65,3616
Female,No,Yes,No,43,Yes,Yes,DSL,Yes,Yes,No,Yes,Yes,Yes,Two year,No,Credit card (automatic),86.45,3574.5,3110
Female,Yes,No,No,20,Yes,Yes,DSL,No,No,No,No,No,Yes,Month-to-month,Yes,Mailed check,61.6,1174.35,3866
Female,No,Yes,No,17,Yes,Yes,Fiber optic,No,No,No,No,Yes,Yes,Month-to-month,No,Electronic check,92.6,1579.7,4756
Male,No,No,No,6,Yes,No,Fiber optic,No,No,No,No,No,No,Month-to-month,Yes,Electronic check,69.1,435.0,5741
Female,No,Yes,No,41,No,No phone service,DSL,No,Yes,No,Yes,No,No,One year,No,Mailed check,35.45,1391.65,2954
Male,No,No,Yes,1,Yes,No,Fiber optic,No,No,No,No,No,Yes,Month-to-month,No,Electronic check,79.9,79.9,3394
Female,No,No,No,1,Yes,No,Fiber optic,No,No,No,No,No,No,Month-to-month,Yes,Electronic check,69.6,69.6,2412
Male,No,No,No,13,No,No phone service,DSL,No,No,No,No,No,No,Month-to-month,Yes,Bank transfer (automatic),25.15,331.85,4943
Male,No,No,No,52,Yes,No,Fiber optic,No,Yes,Yes,Yes,Yes,Yes,One year,Yes,Bank transfer (automatic),105.0,5426.85,4630
Female,No,No,No,5,Yes,No,DSL,No,Yes,No,No,No,No,Month-to-month,No,Bank transfer (automatic),50.55,244.75,2739
Male,No,Yes,No,72,Yes,Yes,DSL,Yes,Yes,Yes,Yes,Yes,Yes,Two year,Yes,Credit card (automatic),90.6,6441.85,4528
Female,No,Yes,No,25,Yes,Yes,DSL,No,Yes,No,No,No,No,Month-to-month,No,Electronic check,54.1,1373.0,5701
Female,No,No,No,66,Yes,Yes,Fiber optic,Yes,Yes,Yes,Yes,Yes,No,One year,Yes,Bank transfer (automatic),104.55,6779.05,4494
Male,No,No,Yes,56,Yes,Yes,No,No internet service,No internet service,No internet service,No internet service,No internet service,No internet service,Two year,Yes,Mailed check,24.8,1424.2,4262
Female,No,No,No,6,Yes,No,Fiber optic,No,No,Yes,Yes,Yes,Yes,Month-to-month,Yes,Mailed check,99.95,547.65,3722
Female,No,Yes,No,60,No,No phone service,DSL,Yes,No,Yes,Yes,Yes,Yes,Two year,No,Credit card (automatic),59.85,3590.2,5790
Male,Yes,No,No,48,Yes,Yes,Fiber optic,No,Yes,No,No,Yes,Yes,One year,Yes,Electronic check,99.0,4744.35,3061
Male,No,Yes,Yes,27,Yes,No,DSL,Yes,Yes,No,No,No,No,Month-to-month,Yes,Credit card (automatic),54.75,1510.3,3519
Male,No,Yes,Yes,72,Yes,Yes,Fiber optic,Yes,Yes,Yes,Yes,Yes,No,Two year,Yes,Credit card (automatic),106.1,7548.6,4890
Female,No,No,No,38,Yes,Yes,DSL,Yes,Yes,Yes,No,No,No,Month-to-month,Yes,Bank transfer (automatic),66.15,2522.4,4933
Male,No,Yes,No,4,Yes,Yes,Fiber optic,No,Yes,No,No,Yes,Yes,Month-to-month,Yes,Electronic check,100.2,420.2,2650
Male,No,Yes,Yes,4,Yes,No,No,No internet service,No internet service,No internet service,No internet service,No internet service,No internet service,Two year,No,Credit card (automatic),19.55,68.8,5573
Female,No,Yes,Yes,42,Yes,Yes,Fiber optic,Yes,Yes,No,No,Yes,No,One year,Yes,Credit card (automatic),94.45,3923.8,5643
Male,No,No,No,46,Yes,Yes,Fiber optic,No,Yes,Yes,No,Yes,No,One year,Yes,Credit card (automatic),94.9,4422.95,5316
Male,No,Yes,No,40,No,No phone service,DSL,Yes,Yes,Yes,No,No,No,One year,Yes,Electronic check,42.35,1716.45,5422
Female,No,Yes,No,31,Yes,No,DSL,Yes,No,Yes,Yes,Yes,Yes,One year,Yes,Mailed check,81.15,2545.75,5643
Female,No,Yes,Yes,30,Yes,Yes,Fiber optic,No,Yes,Yes,Yes,Yes,Yes,Month-to-month,Yes,Electronic check,107.5,3242.5,3094
Male,No,Yes,No,13,Yes,Yes,DSL,Yes,No,No,No,No,Yes,Month-to-month,Yes,Electronic check,65.85,902.25,2731
Male,Yes,Yes,No,14,Yes,No,No,No internet service,No internet service,No internet service,No internet service,No internet service,No internet service,One year,No,Mailed check,19.65,228.65,2962
Female,No,No,No,10,Yes,No,No,No internet service,No internet service,No internet service,No internet service,No internet service,No internet service,One year,Yes,Mailed check,19.3,185.2,4190
Male,Yes,No,No,30,Yes,Yes,DSL,No,No,Yes,Yes,Yes,No,Two year,Yes,Credit card (automatic),69.1,2093.9,3415
Male,Yes,No,No,35,Yes,Yes,Fiber optic,Yes,No,No,No,No,Yes,Month-to-month,No,Credit card (automatic),91.0,3180.5,5527
Male,No,Yes,No,32,Yes,Yes,Fiber optic,No,No,No,Yes,No,No,One year,Yes,Electronic check,79.25,2619.15,2735
Male,No,No,No,2,Yes,No,Fiber optic,Yes,No,No,No,No,No,Month-to-month,Yes,Electronic check,75.7,189.2,4676
Male,No,Yes,Yes,35,Yes,No,No,No internet service,No internet service,No internet service,No internet service,No internet service,No internet service,One year,No,Electronic check,19.9,666.0,2334
Male,No,Yes,Yes,27,Yes,Yes,Fiber optic,Yes,Yes,No,Yes,Yes,No,Month-to-month,No,Electronic check,100.75,2793.55,3160
Male,No,Yes,Yes,72,Yes,Yes,No,No internet service,No internet service,No internet service,No internet service,No internet service,No internet service,Two year,No,Credit card (automatic),24.75,1859.1,4185
Male,No,No,Yes,1,Yes,No,No,No internet service,No internet service,No internet service,No internet service,No internet service,No internet service,Month-to-month,Yes,Mailed check,19.2,19.2,3383
Female,No,No,No,1,Yes,No,DSL,No,No,No,No,No,No,Month-to-month,No,Mailed check,43.95,43.95,3238
Male,No,No,No,64,Yes,No,Fiber optic,Yes,Yes,No,No,Yes,Yes,One year,Yes,Credit card (automatic),100.3,6603.8,4986
Female,No,No,No,19,Yes,Yes,DSL,No,No,Yes,No,No,No,Month-to-month,Yes,Mailed check,56.1,1033.9,3367
Male,No,No,Yes,4,Yes,No,DSL,Yes,No,No,No,No,No,Month-to-month,Yes,Electronic check,49.4,184.4,4455
Male,No,No,No,1,Yes,No,Fiber optic,No,No,No,No,No,No,Month-to-month,Yes,Electronic check,69.6,69.6,2072
Female,No,No,No,34,Yes,Yes,DSL,No,No,No,Yes,Yes,No,Month-to-month,No,Mailed check,65.0,2157.5,5567
Female,No,Yes,No,72,No,No phone service,DSL,Yes,Yes,Yes,No,No,Yes,Two year,Yes,Electronic check,49.2,3580.95,4700
Male,No,Yes,Yes,70,Yes,Yes,Fiber optic,Yes,Yes,Yes,Yes,Yes,Yes,Two year,Yes,Credit card (automatic),116.55,8152.3,6116
Female,No,Yes,No,66,Yes,Yes,DSL,Yes,Yes,Yes,No,No,No,Two year,No,Bank transfer (automatic),66.9,4370.25,5546
Male,Yes,Yes,No,69,Yes,Yes,Fiber optic,No,Yes,Yes,Yes,Yes,Yes,Two year,Yes,Bank transfer (automatic),108.4,7318.2,4708
Male,No,No,Yes,15,Yes,No,DSL,Yes,No,Yes,No,No,Yes,One year,No,Mailed check,64.85,950.75,4442
Female,No,No,No,70,Yes,Yes,Fiber optic,Yes,Yes,Yes,No,Yes,Yes,Two year,Yes,Mailed check,111.15,7737.55,4240
Female,No,No,No,66,Yes,Yes,No,No internet service,No internet service,No internet service,No internet service,No internet service,No internet service,Two year,Yes,Credit card (automatic),25.15,1683.6,6141
Female,Yes,No,No,42,Yes,Yes,Fiber optic,No,No,No,No,Yes,No,Month-to-month,Yes,Electronic check,84.65,3541.35,4871
Female,No,Yes,Yes,3,Yes,No,Fiber optic,No,No,No,No,Yes,No,Month-to-month,Yes,Electronic check,80.7,239.45,2081
Male,No,No,No,31,Yes,Yes,Fiber optic,No,Yes,Yes,No,Yes,Yes,One year,Yes,Electronic check,103.45,3066.45,5387
Female,No,No,No,42,No,No phone service,DSL,Yes,Yes,Yes,Yes,No,Yes,One year,Yes,Electronic check,54.75,2348.45,3179
Male,No,No,No,3,Yes,No,Fiber optic,No,No,Yes,Yes,Yes,Yes,Month-to-month,Yes,Electronic check,98.7,293.65,3916
Male,No,No,No,63,Yes,No,No,No internet service,No internet service,No internet service,No internet service,No internet service,No internet service,One year,No,Mailed check,20.5,1328.15,5997
Male,No,Yes,No,50,Yes,No,No,No internet service,No internet service,No internet service,No internet service,No internet service,No internet service,Two year,No,Mailed check,20.55,1067.65,4745
Male,No,No,No,1,Yes,No,Fiber optic,No,No,No,No,No,No,Month-to-month,Yes,Electronic check,69.9,69.9,5367
Female,No,Yes,No,64,Yes,No,Fiber optic,Yes,No,No,Yes,Yes,Yes,One year,Yes,Mailed check,96.9,6314.35,5369
Male,No,Yes,No,17,Yes,No,DSL,Yes,Yes,No,No,No,Yes,One year,No,Mailed check,64.8,1175.6,3546
Male,No,Yes,Yes,48,Yes,No,DSL,No,Yes,Yes,No,No,No,One year,Yes,Credit card (automatic),55.8,2651.2,3446
Male,No,Yes,No,38,No,No phone service,DSL,Yes,Yes,No,Yes,Yes,Yes,Two year,Yes,Bank transfer (automatic),60.0,2193.2,2187
Male,No,No,Yes,15,Yes,No,DSL,No,No,Yes,Yes,No,No,One year,No,Credit card (automatic),55.2,864.55,3608
Female,No,Yes,Yes,28,Yes,No,Fiber optic,No,No,No,No,No,No,One year,Yes,Bank transfer (automatic),70.4,1992.2,5195
Male,No,Yes,Yes,72,Yes,No,Fiber optic,Yes,Yes,Yes,Yes,Yes,Yes,Two year,No,Bank transfer (automatic),111.95,8033.1,4004
Male,No,Yes,No,42,No,No phone service,DSL,Yes,No,Yes,Yes,Yes,No,Two year,No,Credit card (automatic),48.15,2032.3,2673
Female,No,No,No,1,Yes,No,No,No internet service,No internet service,No internet service,No internet service,No internet service,No internet service,Month-to-month,No,Mailed check,20.5,20.5,3820
Female,No,No,No,31,Yes,Yes,Fiber optic,No,No,No,No,Yes,No,Month-to-month,Yes,Credit card (automatic),86.55,2697.4,4198
Male,Yes,Yes,No,44,No,No phone service,DSL,No,Yes,No,No,No,No,Month-to-month,Yes,Electronic check,30.35,1359.7,4829
Female,No,No,No,11,Yes,No,DSL,No,No,Yes,Yes,No,No,One year,No,Bank transfer (automatic),53.8,651.55,5899
Female,No,No,No,6,Yes,No,DSL,No,No,No,No,No,Yes,Month-to-month,Yes,Electronic check,55.0,340.4,2629
Male,No,No,No,68,Yes,Yes,Fiber optic,Yes,Yes,Yes,No,Yes,No,One year,No,Bank transfer (automatic),101.35,7110.75,4941
Male,No,Yes,Yes,62,Yes,No,Fiber optic,Yes,Yes,No,No,No,No,One year,Yes,Credit card (automatic),81.45,4983.05,5179
Female,No,Yes,No,21,Yes,Yes,Fiber optic,Yes,No,Yes,No,Yes,Yes,Month-to-month,Yes,Electronic check,103.9,2254.2,3769
Female,No,Yes,Yes,0,Yes,Yes,DSL,No,Yes,Yes,Yes,Yes,No,Two year,No,Mailed check,73.35,0.0,2342
Male,Yes,No,No,9,Yes,Yes,Fiber optic,No,No,No,No,No,Yes,Month-to-month,Yes,Electronic check,83.85,790.15,3723
Male,No,Yes,No,69,Yes,Yes,Fiber optic,Yes,Yes,Yes,Yes,Yes,Yes,Two year,Yes,Bank transfer (automatic),112.55,7806.5,5532
Male,No,No,No,7,Yes,No,No,No internet service,No internet service,No internet service,No internet service,No internet service,No internet service,Month-to-month,No,Mailed check,20.75,141.1,4476
Female,No,Yes,No,67,Yes,Yes,Fiber optic,Yes,No,Yes,Yes,Yes,Yes,One year,Yes,Electronic check,111.25,7511.65,5649
Female,No,Yes,No,45,Yes,No,DSL,No,Yes,No,Yes,No,No,One year,Yes,Credit card (automatic),54.15,2319.8,2761
Male,Yes,Yes,No,17,Yes,Yes,Fiber optic,No,No,No,No,Yes,Yes,Month-to-month,Yes,Electronic check,94.8,1563.9,4831
Female,No,No,No,35,Yes,No,No,No internet service,No internet service,No internet service,No internet service,No internet service,No internet service,One year,No,Mailed check,21.1,741.0,5707
Female,Yes,No,No,3,Yes,No,Fiber optic,No,No,Yes,No,Yes,No,Month-to-month,Yes,Electronic check,86.85,220.95,3561
Female,No,No,No,12,Yes,Yes,Fiber optic,No,No,No,No,No,Yes,Month-to-month,Yes,Electronic check,86.55,1066.9,2061
Male,No,No,No,34,No,No phone service,DSL,No,No,No,No,No,No,Month-to-month,Yes,Bank transfer (automatic),25.05,852.7,3800
Female,No,Yes,No,56,Yes,No,Fiber optic,Yes,Yes,Yes,No,Yes,Yes,One year,Yes,Credit card (automatic),105.6,6068.65,4196
Male,Yes,Yes,No,7,Yes,No,Fiber optic,No,No,No,No,Yes,Yes,Month-to-month,Yes,Electronic check,89.0,605.45,5711
Female,No,No,No,1,Yes,Yes,No,No internet service,No internet service,No internet service,No internet service,No internet service,No internet service,Month-to-month,Yes,Electronic check,25.7,25.7,5249
Female,No,No,No,53,Yes,No,No,No internet service,No internet service,No internet service,No internet service,No internet service,No internet service,Two year,No,Mailed check,20.25,1048.45,4218
Female,Yes,Yes,No,42,Yes,Yes,Fiber optic,Yes,No,Yes,No,Yes,Yes,One year,Yes,Bank transfer (automatic),105.2,4599.15,5573
Male,No,No,No,52,Yes,No,Fiber optic,Yes,No,Yes,No,Yes,No,One year,No,Electronic check,91.25,4738.3,4770
Female,No,Yes,No,72,Yes,Yes,Fiber optic,Yes,Yes,Yes,Yes,Yes,Yes,Two year,Yes,Credit card (automatic),117.15,8529.5,4743
Female,No,Yes,Yes,2,No,No phone service,DSL,No,No,No,No,No,No,Month-to-month,Yes,Mailed check,24.4,36.55,2635
Female,No,No,No,2,Yes,Yes,Fiber optic,No,Yes,No,No,No,No,Month-to-month,No,Electronic check,79.55,151.75,5965
Female,No,Yes,Yes,52,Yes,Yes,Fiber optic,No,No,Yes,No,Yes,Yes,One year,No,Bank transfer (automatic),101.25,5301.1,5954
Male,No,Yes,No,6,Yes,Yes,No,No internet service,No internet service,No internet service,No internet service,No internet service,No internet service,One year,No,Mailed check,25.1,171.0,5161
Male,No,Yes,No,72,Yes,Yes,Fiber optic,Yes,Yes,Yes,Yes,Yes,Yes,Two year,No,Credit card (automatic),115.8,8332.15,5130
Female,Yes,No,No,1,Yes,No,Fiber optic,No,No,No,No,Yes,Yes,Month-to-month,Yes,Electronic check,91.3,91.3,2371
Female,No,No,No,50,Yes,Yes,Fiber optic,Yes,Yes,No,Yes,Yes,Yes,Two year,Yes,Electronic check,109.65,5551.15,5855
Female,No,No,No,68,Yes,No,DSL,Yes,Yes,Yes,Yes,Yes,Yes,Two year,Yes,Credit card (automatic),82.45,5646.6,5308
Male,No,Yes,No,1,Yes,No,Fiber optic,No,No,No,No,No,No,Month-to-month,Yes,Electronic check,69.15,69.15,4179
Male,No,No,No,3,Yes,No,DSL,No,No,No,Yes,No,Yes,Month-to-month,No,Mailed check,60.65,196.9,2111
Male,No,Yes,No,22,Yes,No,DSL,Yes,No,No,No,Yes,No,One year,Yes,Bank transfer (automatic),59.75,1374.35,3947
Female,No,Yes,Yes,72,Yes,Yes,DSL,Yes,Yes,Yes,Yes,No,Yes,Two year,Yes,Bank transfer (automatic),79.5,5661.7,4390
Female,No,Yes,No,64,Yes,No,No,No internet service,No internet service,No internet service,No internet service,No internet service,No internet service,One year,No,Bank transfer (automatic),19.8,1336.65,5384
Male,No,No,No,6,Yes,No,No,No internet service,No internet service,No internet service,No internet service,No internet service,No internet service,One year,No,Mailed check,20.6,116.6,4439
Male,No,Yes,Yes,68,Yes,No,No,No internet service,No internet service,No internet service,No internet service,No internet service,No internet service,Two year,Yes,Bank transfer (automatic),19.95,1303.25,6492
Male,No,No,No,66,Yes,Yes,Fiber optic,No,Yes,No,Yes,Yes,Yes,One year,Yes,Electronic check,104.25,6860.6,4915
Female,Yes,No,No,1,Yes,No,Fiber optic,No,No,No,No,Yes,No,Month-to-month,No,Electronic check,78.45,78.45,2139
Female,No,No,No,6,Yes,No,Fiber optic,No,No,No,No,Yes,Yes,Month-to-month,Yes,Electronic check,89.5,573.3,2898
Female,Yes,No,No,3,Yes,No,Fiber optic,No,No,No,No,No,No,Month-to-month,Yes,Electronic check,70.4,204.7,2491
Male,No,No,No,34,Yes,Yes,Fiber optic,Yes,Yes,Yes,Yes,Yes,Yes,One year,No,Credit card (automatic),116.25,3899.05,4022
Female,No,Yes,No,60,Yes,No,Fiber optic,Yes,No,No,Yes,Yes,Yes,Two year,Yes,Electronic check,97.2,5611.75,4905
Female,No,No,No,10,Yes,No,Fiber optic,No,No,No,No,No,Yes,Month-to-month,Yes,Bank transfer (automatic),80.25,846.0,3598
Female,No,Yes,Yes,49,Yes,Yes,No,No internet service,No internet service,No internet service,No internet service,No internet service,No internet service,Two year,No,Mailed check,25.25,1211.65,5616
Female,No,No,No,48,Yes,Yes,DSL,No,Yes,Yes,Yes,Yes,No,One year,Yes,Bank transfer (automatic),73.85,3581.4,4740
Female,Yes,No,No,14,No,No phone service,DSL,Yes,No,Yes,Yes,No,No,Two year,No,Mailed check,39.7,692.35,3162
Male,Yes,Yes,No,68,Yes,Yes,Fiber optic,No,No,Yes,No,No,No,Month-to-month,Yes,Credit card (automatic),80.35,5589.3,5581
Female,No,No,No,37,No,No phone service,DSL,No,No,Yes,No,No,Yes,Month-to-month,Yes,Credit card (automatic),40.2,1478.85,5924
Female,No,Yes,No,69,Yes,Yes,Fiber optic,Yes,Yes,Yes,Yes,Yes,Yes,Two year,No,Credit card (automatic),113.25,7895.15,5141
Female,No,No,No,13,No,No phone service,DSL,No,No,Yes,Yes,No,No,Two year,No,Mailed check,35.4,450.4,3239
Male,No,No,Yes,8,Yes,No,No,No internet service,No internet service,No internet service,No internet service,No internet service,No internet service,Month-to-month,No,Bank transfer (automatic),19.45,159.2,4119
Male,No,Yes,Yes,13,Yes,Yes,DSL,No,Yes,Yes,Yes,Yes,No,Month-to-month,Yes,Electronic check,72.8,930.05,2862
Male,No,Yes,No,57,Yes,No,DSL,Yes,Yes,No,Yes,No,No,Two year,Yes,Electronic check,59.75,3450.15,4012
Male,No,Yes,No,72,Yes,Yes,DSL,Yes,Yes,Yes,Yes,Yes,Yes,Two year,No,Credit card (automatic),89.85,6562.9,6046
Female,No,Yes,Yes,8,Yes,No,No,No internet service,No internet service,No internet service,No internet service,No internet service,No internet service,Two year,No,Mailed check,19.05,201.7,3153
Male,No,Yes,No,45,Yes,No,DSL,Yes,No,Yes,No,No,No,Two year,No,Credit card (automatic),53.3,2296.25,2929
Male,No,No,No,21,No,No phone service,DSL,Yes,No,No,Yes,Yes,No,Month-to-month,Yes,Mailed check,43.55,1011.5,5808
Male,No,No,No,39,No,No phone service,DSL,No,No,No,Yes,No,Yes,Month-to-month,Yes,Electronic check,40.6,1494.5,4436
Male,No,No,Yes,15,Yes,Yes,No,No internet service,No internet service,No internet service,No internet service,No internet service,No internet service,Month-to-month,Yes,Electronic check,24.8,324.15,3965
Male,No,Yes,Yes,54,Yes,Yes,DSL,No,No,Yes,No,No,Yes,Two year,No,Credit card (automatic),63.35,3409.1,4232
Male,No,No,No,60,Yes,Yes,Fiber optic,No,No,Yes,No,Yes,No,Two year,Yes,Electronic check,89.55,5231.2,5874
Female,No,No,No,2,No,No phone service,DSL,No,No,No,No,Yes,Yes,Month-to-month,Yes,Electronic check,45.25,85.5,4566
Male,No,Yes,No,37,Yes,No,Fiber optic,No,No,Yes,Yes,No,Yes,Month-to-month,Yes,Electronic check,90.35,3419.3,3347
Female,No,Yes,No,12,Yes,No,DSL,Yes,No,No,Yes,No,No,Month-to-month,No,Bank transfer (automatic),54.2,690.5,4474
Female,No,No,No,30,Yes,Yes,Fiber optic,Yes,No,No,Yes,Yes,Yes,Month-to-month,No,Bank transfer (automatic),106.4,3211.9,5503
Male,No,Yes,No,61,Yes,Yes,Fiber optic,Yes,Yes,No,No,Yes,Yes,Month-to-month,Yes,Electronic check,106.2,6375.2,6298
Male,Yes,Yes,No,72,No,No phone service,DSL,Yes,Yes,Yes,Yes,Yes,Yes,Two year,Yes,Bank transfer (automatic),64.8,4732.35,4886
Male,No,Yes,No,1,Yes,No,No,No internet service,No internet service,No internet service,No internet service,No internet service,No internet service,One year,Yes,Electronic check,20.2,20.2,4160
Female,Yes,Yes,No,38,Yes,Yes,Fiber optic,Yes,Yes,No,No,No,Yes,One year,No,Credit card (automatic),95.0,3591.25,5148
Female,No,No,No,25,Yes,No,DSL,No,Yes,No,Yes,No,Yes,Month-to-month,Yes,Bank transfer (automatic),65.8,1679.65,3962
Female,No,Yes,No,71,Yes,Yes,No,No internet service,No internet service,No internet service,No internet service,No internet service,No internet service,Two year,Yes,Bank transfer (automatic),24.65,1710.15,4015
Female,No,Yes,Yes,26,Yes,No,No,No internet service,No internet service,No internet service,No internet service,No internet service,No internet service,Month-to-month,Yes,Credit card (automatic),20.25,493.95,5158
Female,No,No,No,20,Yes,Yes,Fiber optic,Yes,No,No,No,Yes,No,Month-to-month,Yes,Bank transfer (automatic),89.1,1879.25,3027
Male,No,No,No,28,Yes,Yes,Fiber optic,Yes,Yes,No,No,No,Yes,Month-to-month,Yes,Credit card (automatic),94.5,2659.4,5433
Male,No,Yes,No,31,Yes,No,Fiber optic,No,No,Yes,No,Yes,Yes,One year,Yes,Electronic check,93.8,2939.8,2510
Male,Yes,No,No,32,Yes,Yes,Fiber optic,No,No,No,No,Yes,Yes,Month-to-month,Yes,Credit card (automatic),96.15,3019.25,2246
Female,No,No,No,13,No,No phone service,DSL,No,No,No,No,No,Yes,Month-to-month,Yes,Electronic check,35.1,446.1,3104
Male,No,No,No,15,Yes,Yes,No,No internet service,No internet service,No internet service,No internet service,No internet service,No internet service,Month-to-month,Yes,Electronic check,26.35,378.6,2723
Male,No,No,No,60,No,No phone service,DSL,Yes,Yes,Yes,No,No,No,Two year,No,Bank transfer (automatic),39.6,2424.5,5544
Female,No,No,No,3,Yes,Yes,Fiber optic,No,No,No,No,No,No,Month-to-month,No,Electronic check,75.25,242.0,5898
Female,No,No,No,54,Yes,No,Fiber optic,Yes,Yes,No,No,Yes,Yes,One year,Yes,Credit card (automatic),100.05,5299.65,4478
Female,No,Yes,Yes,3,Yes,No,No,No internet service,No internet service,No internet service,No internet service,No internet service,No internet service,Two year,No,Mailed check,19.1,52.0,3863
Female,No,No,No,9,Yes,No,Fiber optic,No,No,No,No,No,No,Month-to-month,No,Electronic check,71.0,672.55,2236
Female,No,Yes,No,17,Yes,Yes,Fiber optic,Yes,No,Yes,No,Yes,Yes,Month-to-month,Yes,Electronic check,104.2,1743.5,2365
Female,Yes,No,No,15,Yes,No,Fiber optic,Yes,No,Yes,Yes,No,Yes,Month-to-month,Yes,Mailed check,96.3,1426.75,2933
Female,No,Yes,Yes,19,Yes,Yes,No,No internet service,No internet service,No internet service,No internet service,No internet service,No internet service,Two year,No,Mailed check,25.6,485.9,5038
Female,No,Yes,No,4,Yes,Yes,Fiber optic,No,No,No,No,No,Yes,Month-to-month,Yes,Electronic check,85.95,381.3,5640
Female,No,No,Yes,1,Yes,No,Fiber optic,No,No,No,No,Yes,No,Month-to-month,Yes,Electronic check,79.35,79.35,2483
Male,No,Yes,No,72,No,No phone service,DSL,Yes,No,Yes,Yes,Yes,Yes,Two year,No,Bank transfer (automatic),60.95,4549.05,4147
Male,No,Yes,Yes,25,Yes,Yes,DSL,No,No,No,Yes,No,No,One year,Yes,Mailed check,55.1,1466.1,2499
Male,No,No,No,9,Yes,Yes,Fiber optic,No,No,No,No,No,No,Month-to-month,Yes,Electronic check,76.25,684.85,2062
Female,No,No,No,5,Yes,No,No,No internet service,No internet service,No internet service,No internet service,No internet service,No internet service,Month-to-month,Yes,Mailed check,20.5,104.3,5263
Male,No,Yes,Yes,61,No,No phone service,DSL,Yes,No,Yes,No,No,No,Month-to-month,No,Bank transfer (automatic),33.6,2117.2,6495
Female,No,Yes,No,71,Yes,Yes,Fiber optic,Yes,No,Yes,No,Yes,Yes,One year,Yes,Credit card (automatic),104.1,7412.25,4695
Female,No,Yes,Yes,60,Yes,No,No,No internet service,No internet service,No internet service,No internet service,No internet service,No internet service,Two year,Yes,Credit card (automatic),19.25,1103.25,6134
Male,No,No,No,55,Yes,No,DSL,Yes,No,Yes,Yes,No,No,Two year,Yes,Electronic check,59.2,3175.85,5162
Female,Yes,Yes,No,60,Yes,No,DSL,Yes,Yes,Yes,Yes,No,Yes,One year,Yes,Credit card (automatic),74.85,4456.35,5153
Female,No,No,No,30,Yes,No,DSL,Yes,Yes,Yes,Yes,Yes,Yes,One year,No,Bank transfer (automatic),85.35,2530.4,2313
Female,No,Yes,No,41,Yes,Yes,Fiber optic,Yes,Yes,Yes,Yes,Yes,Yes,Month-to-month,Yes,Bank transfer (automatic),113.6,4594.95,4963
Female,No,No,No,11,Yes,No,DSL,Yes,No,No,Yes,No,No,One year,Yes,Mailed check,54.6,617.85,2573
Male,Yes,No,No,38,Yes,No,DSL,No,Yes,Yes,Yes,Yes,No,One year,Yes,Credit card (automatic),70.15,2497.35,2645
Female,Yes,No,No,2,Yes,No,DSL,No,No,No,No,No,No,Month-to-month,No,Electronic check,43.95,85.1,4057
Male,No,Yes,Yes,72,Yes,Yes,Fiber optic,Yes,Yes,No,Yes,No,Yes,Two year,Yes,Credit card (automatic),97.75,6991.6,4054
Female,No,Yes,Yes,41,Yes,Yes,Fiber optic,Yes,Yes,Yes,No,No,Yes,One year,Yes,Bank transfer (automatic),101.6,3930.55,3275
Female,No,No,No,1,Yes,Yes,Fiber optic,No,No,No,No,Yes,Yes,Month-to-month,Yes,Electronic check,93.85,93.85,3014
Male,No,No,Yes,2,Yes,No,No,No internet service,No internet service,No internet service,No internet service,No internet service,No internet service,Month-to-month,No,Mailed check,20.4,42.9,3000
Male,No,Yes,Yes,47,Yes,Yes,Fiber optic,No,Yes,No,No,Yes,Yes,Month-to-month,Yes,Electronic check,99.35,4749.15,5789
Female,Yes,No,Yes,11,Yes,No,Fiber optic,No,Yes,No,No,Yes,Yes,Month-to-month,Yes,Electronic check,95.0,1120.3,5980
Male,No,No,No,1,No,No phone service,DSL,No,No,No,No,No,No,Month-to-month,Yes,Electronic check,24.4,24.4,3145
Male,No,Yes,Yes,5,Yes,No,No,No internet service,No internet service,No internet service,No internet service,No internet service,No internet service,Month-to-month,No,Mailed check,19.45,86.05,4573
Female,No,Yes,No,60,No,No phone service,DSL,Yes,Yes,Yes,No,No,Yes,One year,No,Electronic check,50.05,2911.5,5493
Female,No,No,No,50,Yes,No,No,No internet service,No internet service,No internet service,No internet service,No internet service,No internet service,Two year,No,Credit card (automatic),19.4,1023.95,6233
Male,No,No,No,56,Yes,Yes,Fiber optic,Yes,Yes,No,No,No,No,Month-to-month,Yes,Electronic check,86.4,4922.4,4449
Female,No,No,No,38,Yes,No,Fiber optic,Yes,Yes,Yes,No,No,No,Month-to-month,Yes,Credit card (automatic),83.9,3233.6,2157
Male,No,Yes,No,54,Yes,Yes,Fiber optic,Yes,Yes,Yes,No,Yes,Yes,Month-to-month,No,Electronic check,109.55,6118.95,6130
Male,No,No,No,48,Yes,Yes,Fiber optic,No,Yes,Yes,No,Yes,Yes,One year,Yes,Credit card (automatic),106.1,5082.8,5898
Male,No,No,No,4,Yes,Yes,Fiber optic,No,No,No,No,No,Yes,Month-to-month,Yes,Electronic check,85.65,338.9,2330
Male,No,Yes,No,1,Yes,No,Fiber optic,No,No,Yes,No,No,No,Month-to-month,No,Credit card (automatic),75.35,75.35,3514
Female,Yes,Yes,No,28,Yes,Yes,Fiber optic,No,Yes,Yes,Yes,Yes,Yes,Month-to-month,Yes,Electronic check,110.85,3204.4,3906
Male,No,No,No,10,Yes,Yes,Fiber optic,Yes,No,No,No,Yes,Yes,Month-to-month,No,Electronic check,98.55,1008.55,3658
Male,No,Yes,Yes,18,Yes,No,No,No internet service,No internet service,No internet service,No internet service,No internet service,No internet service,One year,No,Bank transfer (automatic),19.8,342.3,4808
Male,No,Yes,Yes,67,Yes,Yes,Fiber optic,Yes,No,No,Yes,Yes,Yes,Two year,No,Bank transfer (automatic),104.6,6885.75,4743
Male,No,No,No,1,Yes,No,Fiber optic,No,No,No,No,No,No,Month-to-month,Yes,Electronic check,70.3,70.3,4512
Male,No,Yes,Yes,66,Yes,No,DSL,Yes,Yes,Yes,Yes,No,No,Two year,No,Mailed check,65.85,4097.05,5500
Male,No,Yes,No,9,Yes,No,DSL,Yes,Yes,No,Yes,Yes,No,Month-to-month,Yes,Mailed check,68.95,593.85,2452
Male,No,Yes,Yes,68,Yes,Yes,Fiber optic,No,Yes,No,No,Yes,Yes,One year,Yes,Credit card (automatic),101.05,6770.5,5570
Female,No,Yes,No,57,Yes,Yes,DSL,No,Yes,Yes,Yes,Yes,No,One year,No,Bank transfer (automatic),74.6,4368.95,4546
Female,No,Yes,Yes,14,Yes,Yes,Fiber optic,No,No,No,Yes,Yes,No,Month-to-month,Yes,Electronic check,91.65,1301.0,4304
Male,Yes,Yes,Yes,66,Yes,Yes,Fiber optic,Yes,Yes,Yes,Yes,Yes,Yes,One year,Yes,Electronic check,116.25,7862.25,4578
Female,No,No,No,35,Yes,Yes,No,No internet service,No internet service,No internet service,No internet service,No internet service,No internet service,Two year,No,Bank transfer (automatic),23.3,797.1,2416
Male,Yes,No,No,3,Yes,Yes,Fiber optic,No,No,No,No,No,No,Month-to-month,Yes,Electronic check,76.05,231.8,2930
Male,No,Yes,No,22,Yes,No,DSL,Yes,No,No,Yes,No,No,One year,Yes,Credit card (automatic),56.25,1292.2,3733
Female,No,No,Yes,37,Yes,No,No,No internet service,No internet service,No internet service,No internet service,No internet service,No internet service,One year,No,Bank transfer (automatic),20.3,755.4,4186
Male,No,No,Yes,27,Yes,Yes,No,No internet service,No internet service,No internet service,No internet service,No internet service,No internet service,Two year,Yes,Credit card (automatic),25.85,788.55,2682
Male,No,No,No,8,No,No phone service,DSL,Yes,No,No,No,No,No,Month-to-month,Yes,Electronic check,30.45,226.45,4549
Male,No,Yes,No,67,Yes,Yes,No,No internet service,No internet service,No internet service,No internet service,No internet service,No internet service,Two year,No,Credit card (automatic),24.85,1583.5,4833
Male,No,Yes,No,53,Yes,Yes,Fiber optic,Yes,No,Yes,No,No,Yes,Month-to-month,No,Electronic check,93.9,5029.2,5543
Female,No,Yes,Yes,72,Yes,Yes,Fiber optic,Yes,Yes,Yes,Yes,No,Yes,Two year,No,Credit card (automatic),107.45,7658.3,4505
Male,No,No,No,3,Yes,Yes,Fiber optic,No,No,Yes,No,No,Yes,Month-to-month,No,Electronic check,91.85,257.05,2704
Female,No,No,No,6,Yes,No,DSL,Yes,No,No,No,No,No,Month-to-month,Yes,Electronic check,49.45,314.6,3672
Female,Yes,Yes,No,71,Yes,Yes,Fiber optic,Yes,Yes,Yes,Yes,No,No,Two year,Yes,Credit card (automatic),96.35,6766.95,5309
Male,No,Yes,No,63,Yes,No,No,No internet service,No internet service,No internet service,No internet service,No internet service,No internet service,Two year,No,Mailed check,19.25,1237.65,4538
Male,No,No,No,54,Yes,No,Fiber optic,Yes,Yes,No,Yes,Yes,Yes,One year,Yes,Credit card (automatic),105.4,5643.4,4406
Male,No,No,No,1,Yes,No,DSL,No,No,No,No,No,No,Month-to-month,Yes,Mailed check,44.3,44.3,4427
Female,No,Yes,Yes,61,Yes,Yes,DSL,Yes,Yes,Yes,Yes,No,Yes,One year,Yes,Electronic check,79.4,4820.55,4666
Female,No,No,No,13,Yes,No,No,No internet service,No internet service,No internet service,No internet service,No internet service,No internet service,Month-to-month,No,Credit card (automatic),19.45,232.1,2783
Male,No,No,No,22,Yes,Yes,No,No internet service,No internet service,No internet service,No internet service,No internet service,No internet service,Month-to-month,Yes,Credit card (automatic),24.85,493.4,3534
Male,No,No,No,4,Yes,No,No,No internet service,No internet service,No internet service,No internet service,No internet service,No internet service,Month-to-month,Yes,Mailed check,19.95,59.25,3172
Female,No,Yes,No,24,No,No phone service,DSL,Yes,Yes,Yes,No,Yes,Yes,One year,No,Electronic check,57.6,1367.75,5623
Female,Yes,Yes,No,71,Yes,Yes,DSL,Yes,Yes,Yes,Yes,No,Yes,Two year,Yes,Bank transfer (automatic),82.7,5831.2,5089
Male,No,No,No,70,Yes,Yes,Fiber optic,Yes,No,No,Yes,Yes,Yes,Two year,Yes,Credit card (automatic),104.0,7250.15,4544
Female,Yes,No,No,25,Yes,Yes,Fiber optic,No,Yes,No,No,No,Yes,Month-to-month,Yes,Electronic check,89.7,2187.55,4078
Female,No,Yes,No,72,Yes,Yes,DSL,No,Yes,No,Yes,Yes,Yes,Two year,Yes,Electronic check,78.95,5730.15,5050
Female,Yes,No,No,1,Yes,No,Fiber optic,No,No,No,No,No,No,Month-to-month,Yes,Electronic check,70.55,70.55,2146
Female,No,Yes,No,56,Yes,Yes,Fiber optic,No,No,Yes,No,Yes,Yes,One year,Yes,Credit card (automatic),99.8,5515.45,4606
Female,No,No,Yes,26,Yes,No,Fiber optic,No,Yes,Yes,Yes,Yes,Yes,Two year,Yes,Electronic check,105.45,2715.3,5980
Male,No,Yes,No,47,Yes,Yes,Fiber optic,No,Yes,No,No,No,No,One year,Yes,Electronic check,78.9,3650.35,3817
Male,Yes,No,No,57,Yes,Yes,DSL,No,Yes,Yes,No,Yes,Yes,Two year,Yes,Bank transfer (automatic),79.75,4438.2,5371
Female,No,Yes,Yes,70,Yes,Yes,DSL,Yes,Yes,Yes,Yes,Yes,No,Two year,No,Electronic check,80.7,5617.95,4412
Male,No,Yes,Yes,72,Yes,Yes,Fiber optic,Yes,Yes,Yes,Yes,Yes,Yes,Two year,Yes,Credit card (automatic),112.6,8126.65,6486
Female,No,No,No,1,Yes,No,Fiber optic,No,No,No,No,No,No,Month-to-month,No,Mailed check,71.1,71.1,3029
Male,No,Yes,Yes,13,Yes,No,No,No internet service,No internet service,No internet service,No internet service,No internet service,No internet service,One year,No,Mailed check,20.0,218.55,5651
Male,No,Yes,No,53,Yes,No,Fiber optic,No,Yes,No,No,Yes,Yes,One year,Yes,Bank transfer (automatic),94.25,4867.95,5414
Male,No,Yes,Yes,39,Yes,No,DSL,Yes,Yes,Yes,No,No,No,One year,No,Electronic check,59.8,2343.85,3093
Female,No,Yes,No,1,Yes,No,Fiber optic,No,No,No,No,No,No,Month-to-month,Yes,Electronic check,69.8,69.8,2123
Male,Yes,Yes,No,64,Yes,Yes,Fiber optic,No,No,Yes,Yes,Yes,Yes,Two year,No,Electronic check,102.1,6538.45,6270
Male,Yes,Yes,No,48,Yes,Yes,Fiber optic,No,No,Yes,No,No,Yes,Month-to-month,Yes,Credit card (automatic),91.05,4370.75,3594
Male,No,No,Yes,1,No,No phone service,DSL,No,No,No,No,No,No,Month-to-month,No,Electronic check,24.75,24.75,3001
Male,No,No,No,1,Yes,No,Fiber optic,No,No,No,No,No,Yes,Month-to-month,Yes,Electronic check,79.25,79.25,5533
Female,Yes,Yes,No,1,Yes,Yes,Fiber optic,No,No,Yes,No,Yes,Yes,Month-to-month,Yes,Electronic check,100.8,100.8,3128
Male,No,Yes,No,65,Yes,Yes,Fiber optic,No,Yes,No,No,No,Yes,Month-to-month,Yes,Electronic check,90.65,5931.0,6358
Male,No,No,No,4,Yes,No,Fiber optic,Yes,Yes,No,Yes,No,Yes,Month-to-month,Yes,Mailed check,94.9,360.55,3094
Female,No,Yes,No,55,Yes,No,Fiber optic,Yes,No,No,No,Yes,Yes,One year,Yes,Electronic check,94.75,5276.1,6021
Male,No,Yes,No,49,Yes,Yes,DSL,Yes,No,No,No,No,No,One year,Yes,Electronic check,55.35,2633.95,5601
Female,No,Yes,No,31,Yes,No,No,No internet service,No internet service,No internet service,No internet service,No internet service,No internet service,Month-to-month,Yes,Mailed check,19.55,658.95,2687
Female,No,Yes,Yes,72,Yes,Yes,Fiber optic,Yes,Yes,Yes,Yes,Yes,Yes,Two year,Yes,Bank transfer (automatic),116.85,8477.7,4055
Female,No,Yes,No,30,Yes,Yes,Fiber optic,No,No,Yes,No,Yes,Yes,Month-to-month,Yes,Electronic check,100.05,3046.15,4664
Female,No,Yes,No,72,No,No phone service,DSL,No,Yes,Yes,No,Yes,Yes,Two year,Yes,Electronic check,54.2,3937.45,4481
Female,No,No,Yes,9,Yes,No,Fiber optic,Yes,No,Yes,Yes,No,Yes,Month-to-month,No,Bank transfer (automatic),93.0,870.25,2267
Female,No,No,Yes,8,Yes,Yes,Fiber optic,No,No,Yes,No,Yes,Yes,Month-to-month,Yes,Electronic check,99.65,820.5,5372
Female,No,Yes,Yes,59,Yes,Yes,Fiber optic,No,Yes,Yes,No,Yes,Yes,One year,Yes,Electronic check,106.15,6256.2,5096
Female,No,No,No,22,Yes,No,Fiber optic,No,Yes,No,No,No,Yes,Month-to-month,Yes,Mailed check,84.3,1855.65,5313
Male,Yes,No,No,62,Yes,Yes,Fiber optic,No,Yes,Yes,Yes,Yes,Yes,One year,Yes,Bank transfer (automatic),110.75,7053.35,5166
Female,Yes,Yes,No,1,Yes,No,DSL,No,No,No,No,No,No,Month-to-month,No,Electronic check,46.0,46.0,4531
Female,No,No,No,1,Yes,No,Fiber optic,No,Yes,No,No,No,No,Month-to-month,Yes,Electronic check,74.7,74.7,4692
Female,No,Yes,Yes,71,Yes,No,No,No internet service,No internet service,No internet service,No internet service,No internet service,No internet service,Two year,No,Bank transfer (automatic),19.85,1326.35,6342
Female,No,No,No,23,Yes,Yes,No,No internet service,No internet service,No internet service,No internet service,No internet service,No internet service,One year,No,Credit card (automatic),24.8,615.35,4402
Female,No,No,No,67,Yes,Yes,DSL,Yes,No,Yes,Yes,Yes,Yes,Two year,Yes,Mailed check,85.25,5714.2,6322
Male,No,No,No,26,Yes,No,No,No internet service,No internet service,No internet service,No internet service,No internet service,No internet service,One year,No,Credit card (automatic),19.8,457.3,5823
Male,No,Yes,Yes,62,Yes,Yes,Fiber optic,No,No,Yes,No,Yes,No,Two year,Yes,Credit card (automatic),89.1,5411.65,5995
Female,No,No,No,2,Yes,No,No,No internet service,No internet service,No internet service,No internet service,No internet service,No internet service,Month-to-month,No,Mailed check,20.35,45.3,5994
Male,Yes,No,No,1,Yes,No,DSL,No,No,No,No,No,No,Month-to-month,No,Electronic check,44.0,44.0,4320
Female,No,No,No,2,Yes,No,No,No internet service,No internet service,No internet service,No internet service,No internet service,No internet service,One year,No,Mailed check,20.45,34.8,4196
Male,Yes,Yes,No,71,No,No phone service,DSL,No,Yes,Yes,No,Yes,Yes,Month-to-month,Yes,Bank transfer (automatic),52.3,3765.05,5491
Male,No,Yes,No,13,Yes,No,Fiber optic,No,No,Yes,No,Yes,Yes,Month-to-month,Yes,Mailed check,96.65,1162.85,5295
Female,No,Yes,Yes,71,Yes,Yes,Fiber optic,Yes,Yes,Yes,Yes,No,No,One year,Yes,Credit card (automatic),95.15,6770.85,5647
Female,No,No,No,72,Yes,Yes,Fiber optic,No,Yes,Yes,Yes,Yes,Yes,Two year,Yes,Credit card (automatic),108.05,7806.6,5430
Male,No,Yes,No,36,Yes,No,Fiber optic,Yes,No,No,No,Yes,Yes,Month-to-month,Yes,Electronic check,93.6,3366.05,2701
Male,Yes,Yes,No,19,Yes,No,DSL,Yes,No,Yes,No,Yes,No,Month-to-month,No,Bank transfer (automatic),66.4,1286.05,4533
Male,No,Yes,No,54,Yes,No,DSL,Yes,Yes,No,No,Yes,Yes,Two year,Yes,Bank transfer (automatic),74.55,4191.45,4544
Female,Yes,Yes,No,67,Yes,Yes,Fiber optic,Yes,Yes,Yes,Yes,No,Yes,One year,Yes,Credit card (automatic),105.4,7035.6,5703
Female,No,Yes,Yes,60,Yes,Yes,Fiber optic,Yes,Yes,No,No,Yes,No,One year,No,Bank transfer (automatic),94.15,5811.8,6399
Male,No,Yes,Yes,58,No,No phone service,DSL,Yes,Yes,Yes,No,Yes,No,One year,No,Mailed check,50.0,2919.85,4704
Female,No,Yes,Yes,30,Yes,No,No,No internet service,No internet service,No internet service,No internet service,No internet service,No internet service,Two year,No,Mailed check,19.7,599.25,5045
Female,No,No,No,72,Yes,Yes,DSL,Yes,Yes,No,No,No,No,Two year,No,Bank transfer (automatic),59.75,4265.0,4515
Female,No,Yes,Yes,65,Yes,Yes,Fiber optic,Yes,No,Yes,No,Yes,Yes,Two year,Yes,Credit card (automatic),104.3,6725.3,4997
Female,Yes,Yes,No,48,Yes,No,DSL,No,Yes,No,No,No,Yes,One year,Yes,Bank transfer (automatic),58.95,2789.7,4815
Female,Yes,No,No,4,Yes,Yes,Fiber optic,No,No,No,No,No,No,Month-to-month,Yes,Electronic check,74.9,321.75,2122
Female,No,Yes,Yes,5,Yes,No,Fiber optic,No,No,No,No,Yes,No,Month-to-month,Yes,Electronic check,80.85,356.1,5109
Male,No,Yes,No,61,No,No phone service,DSL,Yes,No,Yes,Yes,Yes,Yes,Two year,Yes,Mailed check,62.15,3778.85,6427
Male,No,No,No,9,Yes,No,Fiber optic,No,No,No,Yes,Yes,No,Month-to-month,No,Electronic check,86.25,770.5,4754
Female,Yes,No,No,1,Yes,Yes,Fiber optic,No,No,No,No,Yes,No,Month-to-month,Yes,Electronic check,85.7,85.7,4880
Male,No,Yes,No,23,Yes,No,Fiber optic,No,Yes,Yes,Yes,No,No,One year,No,Mailed check,86.8,1940.8,3200
Female,No,No,No,1,Yes,No,No,No internet service,No internet service,No internet service,No internet service,No internet service,No internet service,Month-to-month,No,Mailed check,19.65,19.65,5454
Female,No,No,No,28,No,No phone service,DSL,No,No,Yes,No,No,No,Month-to-month,Yes,Mailed check,29.75,790.7,5463
Male,No,No,No,12,Yes,No,Fiber optic,No,No,Yes,No,Yes,Yes,One year,No,Electronic check,95.7,1184.0,5527
Male,No,Yes,No,72,Yes,No,No,No internet service,No internet service,No internet service,No internet service,No internet service,No internet service,Two year,No,Credit card (automatic),19.3,1304.8,4035
Female,No,Yes,No,1,Yes,No,Fiber optic,No,Yes,No,No,No,No,Month-to-month,Yes,Electronic check,74.7,74.7,5980
Male,No,No,No,71,Yes,Yes,Fiber optic,Yes,Yes,Yes,Yes,Yes,Yes,One year,Yes,Bank transfer (automatic),116.3,8309.55,4644
Female,No,No,No,22,Yes,Yes,DSL,Yes,No,No,Yes,No,No,Month-to-month,Yes,Mailed check,59.05,1253.5,3995
Male,No,Yes,Yes,31,Yes,No,No,No internet service,No internet service,No internet service,No internet service,No internet service,No internet service,Month-to-month,Yes,Electronic check,20.65,702.05,2990
Female,No,Yes,No,46,Yes,No,DSL,No,Yes,No,Yes,Yes,No,Two year,Yes,Credit card (automatic),64.2,3009.5,4699
Female,No,Yes,No,16,Yes,Yes,Fiber optic,No,No,No,No,Yes,No,Month-to-month,Yes,Electronic check,84.95,1378.25,3075
Male,Yes,No,No,39,Yes,Yes,Fiber optic,No,No,No,No,Yes,Yes,Month-to-month,Yes,Bank transfer (automatic),95.65,3759.05,4892
Male,No,No,No,54,No,No phone service,DSL,Yes,Yes,No,No,No,Yes,Two year,No,Bank transfer (automatic),46.2,2431.95,6143
Female,No,Yes,No,14,Yes,Yes,DSL,Yes,No,No,No,Yes,No,Month-to-month,Yes,Bank transfer (automatic),64.7,941.0,4049
Male,No,No,Yes,49,Yes,Yes,Fiber optic,Yes,Yes,Yes,No,Yes,Yes,One year,Yes,Credit card (automatic),109.2,5290.45,6005
Female,No,No,No,15,Yes,Yes,No,No internet service,No internet service,No internet service,No internet service,No internet service,No internet service,Two year,No,Bank transfer (automatic),25.05,369.1,5218
Male,No,No,Yes,52,Yes,No,No,No internet service,No internet service,No internet service,No internet service,No internet service,No internet service,One year,No,Credit card (automatic),19.65,928.4,4279
Female,No,Yes,Yes,6,Yes,No,No,No internet service,No internet service,No internet service,No internet service,No internet service,No internet service,Two year,No,Mailed check,20.1,100.35,5874
Female,No,Yes,No,3,Yes,Yes,Fiber optic,No,No,No,No,Yes,Yes,Month-to-month,Yes,Electronic check,95.2,292.85,4176
Male,Yes,Yes,No,6,Yes,No,Fiber optic,No,Yes,No,No,No,Yes,Month-to-month,Yes,Electronic check,84.2,519.15,5834
Male,No,No,No,1,Yes,No,Fiber optic,No,No,No,No,No,Yes,Month-to-month,No,Electronic check,79.6,79.6,2199
Female,No,No,No,14,Yes,No,DSL,Yes,No,No,Yes,No,No,One year,No,Mailed check,55.7,795.15,4978
Male,No,Yes,Yes,47,Yes,No,No,No internet service,No internet service,No internet service,No internet service,No internet service,No internet service,One year,No,Mailed check,20.05,951.55,5183
Male,Yes,Yes,No,3,No,No phone service,DSL,No,No,No,No,Yes,No,Month-to-month,Yes,Mailed check,36.45,93.7,3766
Male,No,No,No,1,Yes,No,DSL,No,No,No,Yes,No,No,Month-to-month,No,Credit card (automatic),49.0,49.0,5289
Female,No,Yes,No,71,Yes,Yes,No,No internet service,No internet service,No internet service,No internet service,No internet service,No internet service,Two year,No,Credit card (automatic),25.05,1873.7,6334
Female,No,No,No,2,Yes,No,Fiber optic,No,No,No,No,No,No,Month-to-month,Yes,Electronic check,69.7,135.2,3056
Male,No,No,No,13,Yes,No,No,No internet service,No internet service,No internet service,No internet service,No internet service,No internet service,One year,Yes,Mailed check,19.95,257.0,5221
Female,No,Yes,Yes,54,Yes,Yes,DSL,No,Yes,Yes,Yes,Yes,Yes,Month-to-month,Yes,Electronic check,86.2,4524.05,6275
Female,No,No,No,5,Yes,No,DSL,Yes,No,Yes,No,No,No,Month-to-month,No,Credit card (automatic),55.8,300.4,5104
Female,No,No,No,22,No,No phone service,DSL,No,Yes,No,No,Yes,Yes,Month-to-month,Yes,Electronic check,50.35,1098.85,2875
Male,Yes,Yes,No,13,Yes,No,Fiber optic,No,Yes,Yes,No,Yes,Yes,Month-to-month,Yes,Electronic check,98.0,1237.85,3714
Male,Yes,No,No,4,Yes,No,Fiber optic,No,No,No,No,No,No,Month-to-month,Yes,Electronic check,70.65,293.85,4510
Male,No,Yes,No,48,Yes,Yes,Fiber optic,Yes,Yes,Yes,No,Yes,Yes,Month-to-month,Yes,Bank transfer (automatic),111.45,5315.1,2319
Male,No,Yes,Yes,29,Yes,No,No,No internet service,No internet service,No internet service,No internet service,No internet service,No internet service,Month-to-month,Yes,Mailed check,20.65,654.85,4667
Female,No,Yes,Yes,13,Yes,No,No,No internet service,No internet service,No internet service,No internet service,No internet service,No internet service,Month-to-month,No,Mailed check,18.8,251.25,2333
Male,No,No,No,1,Yes,Yes,DSL,No,Yes,No,Yes,No,No,Month-to-month,No,Mailed check,60.1,60.1,5654
Female,No,Yes,Yes,71,Yes,Yes,DSL,Yes,Yes,Yes,Yes,Yes,Yes,Two year,No,Bank transfer (automatic),89.9,6342.7,5835
Male,No,Yes,No,72,Yes,Yes,Fiber optic,Yes,Yes,No,Yes,Yes,Yes,Two year,Yes,Credit card (automatic),109.95,7852.4,6258
Male,No,No,No,64,Yes,Yes,DSL,No,Yes,Yes,Yes,Yes,Yes,Two year,No,Credit card (automatic),86.55,5632.55,4934
Male,No,No,No,46,No,No phone service,DSL,Yes,No,Yes,Yes,Yes,Yes,Two year,Yes,Bank transfer (automatic),60.75,2893.4,2694
Female,No,Yes,Yes,42,Yes,No,Fiber optic,No,No,Yes,Yes,Yes,Yes,Two year,Yes,Electronic check,100.4,4303.65,3265
Male,Yes,No,No,21,Yes,Yes,Fiber optic,No,Yes,Yes,No,Yes,Yes,Month-to-month,Yes,Electronic check,104.35,2271.85,4934
Female,No,No,No,25,Yes,Yes,Fiber optic,No,No,No,No,Yes,No,Month-to-month,Yes,Mailed check,84.6,2088.05,4874
Male,No,Yes,Yes,24,Yes,No,No,No internet service,No internet service,No internet service,No internet service,No internet service,No internet service,One year,No,Mailed check,20.25,439.75,3000
Female,No,Yes,Yes,41,No,No phone service,DSL,Yes,No,Yes,No,No,No,One year,No,Credit card (automatic),35.4,1412.4,4375
Male,No,No,No,56,Yes,Yes,DSL,Yes,Yes,No,Yes,No,No,One year,Yes,Bank transfer (automatic),64.65,3665.55,4656
Male,No,No,No,1,No,No phone service,DSL,No,No,No,No,No,No,Month-to-month,No,Mailed check,24.4,24.4,4570
Male,No,No,No,1,No,No phone service,DSL,No,No,No,No,No,No,Month-to-month,Yes,Electronic check,24.25,24.25,2846
Female,No,No,No,31,Yes,No,No,No internet service,No internet service,No internet service,No internet service,No internet service,No internet service,One year,No,Mailed check,20.95,683.25,5772
Male,No,Yes,Yes,58,Yes,Yes,Fiber optic,No,No,Yes,Yes,No,Yes,Two year,No,Bank transfer (automatic),94.35,5563.65,4777
Male,No,No,No,6,Yes,No,DSL,Yes,No,No,No,No,Yes,Month-to-month,Yes,Bank transfer (automatic),59.15,336.7,3613
Male,No,Yes,No,17,Yes,No,Fiber optic,Yes,No,Yes,No,Yes,No,Month-to-month,Yes,Electronic check,89.4,1539.45,2544
Female,Yes,No,No,45,Yes,Yes,Fiber optic,Yes,Yes,No,Yes,Yes,No,Month-to-month,Yes,Electronic check,97.05,4385.05,4735
Female,Yes,No,No,59,Yes,Yes,Fiber optic,No,Yes,No,No,No,No,Two year,Yes,Credit card (automatic),79.2,4590.35,5400
Female,Yes,No,No,2,Yes,No,Fiber optic,No,No,No,No,No,No,Month-to-month,Yes,Electronic check,70.35,139.05,2671
Male,No,Yes,No,4,Yes,Yes,DSL,No,No,Yes,No,Yes,No,Month-to-month,No,Electronic check,65.6,250.1,4552
Female,No,No,No,18,Yes,Yes,Fiber optic,No,No,No,No,No,No,Month-to-month,Yes,Electronic check,74.15,1345.75,5033
Female,Yes,No,No,18,Yes,No,No,No internet service,No internet service,No internet service,No internet service,No internet service,No internet service,One year,No,Bank transfer (automatic),20.35,369.6,4713
Female,No,No,No,1,No,No phone service,DSL,No,No,Yes,Yes,No,No,Month-to-month,No,Mailed check,35.9,35.9,3929
Male,No,Yes,No,42,Yes,Yes,Fiber optic,Yes,No,Yes,No,No,Yes,Month-to-month,Yes,Electronic check,94.4,4014.6,2662
Male,No,No,No,20,Yes,Yes,Fiber optic,No,No,No,No,Yes,No,Month-to-month,Yes,Electronic check,85.25,1734.5,2414
Female,No,Yes,No,69,Yes,Yes,Fiber optic,No,Yes,Yes,No,No,No,Month-to-month,Yes,Bank transfer (automatic),85.4,5869.4,5976
Female,No,Yes,No,1,Yes,No,DSL,No,No,No,No,Yes,No,Month-to-month,Yes,Mailed check,55.3,55.3,2849
Male,No,No,No,20,Yes,No,No,No internet service,No internet service,No internet service,No internet service,No internet service,No internet service,Month-to-month,No,Mailed check,19.4,415.4,4958
Female,No,Yes,No,58,Yes,Yes,Fiber optic,Yes,Yes,Yes,No,Yes,Yes,Two year,Yes,Bank transfer (automatic),109.45,6144.55,6424
Female,No,Yes,No,72,Yes,Yes,Fiber optic,Yes,Yes,Yes,Yes,No,No,Two year,Yes,Bank transfer (automatic),94.25,6849.75,6295
Female,No,Yes,Yes,19,Yes,No,DSL,No,No,Yes,No,No,No,Month-to-month,Yes,Bank transfer (automatic),49.6,962.9,5735
Female,No,No,No,16,Yes,Yes,DSL,No,No,Yes,No,No,Yes,Month-to-month,Yes,Credit card (automatic),65.2,1043.35,4722
Female,No,No,No,12,Yes,Yes,Fiber optic,No,No,No,No,Yes,Yes,Month-to-month,Yes,Electronic check,94.2,1046.1,3975
Male,No,Yes,Yes,1,Yes,No,Fiber optic,No,No,No,No,Yes,Yes,Month-to-month,Yes,Electronic check,90.1,90.1,4142
Female,No,No,No,1,Yes,No,Fiber optic,No,Yes,Yes,No,No,No,Month-to-month,Yes,Electronic check,82.3,82.3,4278
Male,Yes,No,No,72,Yes,Yes,No,No internet service,No internet service,No internet service,No internet service,No internet service,No internet service,Two year,No,Bank transfer (automatic),25.4,1809.35,6141
Female,No,No,Yes,26,Yes,Yes,DSL,No,No,No,No,No,No,Month-to-month,Yes,Mailed check,49.5,1265.65,4196
Female,No,Yes,No,4,Yes,No,Fiber optic,No,No,Yes,No,No,No,Month-to-month,Yes,Electronic check,73.75,325.45,5026
Male,No,Yes,Yes,24,Yes,Yes,DSL,Yes,No,Yes,Yes,Yes,Yes,One year,Yes,Mailed check,84.8,1990.5,2140
Female,No,No,No,50,Yes,No,No,No internet service,No internet service,No internet service,No internet service,No internet service,No internet service,One year,Yes,Mailed check,19.35,1033.0,5247
Male,No,No,No,51,Yes,No,Fiber optic,Yes,No,No,No,Yes,No,One year,No,Mailed check,86.35,4267.15,5311
Male,No,Yes,Yes,72,Yes,Yes,Fiber optic,Yes,Yes,Yes,Yes,No,Yes,Two year,No,Credit card (automatic),103.95,7517.7,4495
Female,No,Yes,Yes,70,No,No phone service,DSL,No,Yes,Yes,Yes,Yes,Yes,One year,Yes,Bank transfer (automatic),58.4,4113.15,4117
Female,No,Yes,No,70,Yes,Yes,Fiber optic,No,No,Yes,Yes,Yes,Yes,Two year,Yes,Bank transfer (automatic),104.3,7188.5,5583
Female,Yes,No,No,15,Yes,No,Fiber optic,No,No,No,No,Yes,Yes,Month-to-month,Yes,Electronic check,91.5,1400.3,4173
Female,No,No,No,47,Yes,Yes,Fiber optic,Yes,No,Yes,No,Yes,No,One year,No,Credit card (automatic),94.9,4615.25,4510
Male,No,No,No,63,Yes,No,DSL,Yes,Yes,Yes,Yes,Yes,Yes,Two year,Yes,Bank transfer (automatic),86.7,5309.5,5841
Female,No,No,No,64,Yes,Yes,Fiber optic,Yes,Yes,Yes,Yes,Yes,Yes,Two year,Yes,Bank transfer (automatic),115.1,7334.05,5213
Female,Yes,No,No,59,Yes,Yes,Fiber optic,Yes,Yes,Yes,No,No,No,Month-to-month,Yes,Electronic check,89.75,5496.9,5170
Female,No,No,Yes,1,Yes,Yes,No,No internet service,No internet service,No internet service,No internet service,No internet service,No internet service,Month-to-month,No,Mailed check,24.0,24.0,2559
Male,No,No,No,40,Yes,Yes,Fiber optic,No,No,No,No,Yes,No,Month-to-month,Yes,Electronic check,84.9,3369.05,2904
Male,No,Yes,No,55,Yes,Yes,No,No internet service,No internet service,No internet service,No internet service,No internet service,No internet service,Two year,No,Bank transfer (automatic),25.7,1443.65,6228
Male,No,No,No,50,Yes,No,No,No internet service,No internet service,No internet service,No internet service,No internet service,No internet service,One year,No,Credit card (automatic),20.15,989.05,5249
Female,Yes,Yes,Yes,65,Yes,Yes,Fiber optic,No,Yes,Yes,No,Yes,Yes,One year,Yes,Electronic check,107.45,7047.5,6211
Male,No,No,No,68,Yes,Yes,No,No internet service,No internet service,No internet service,No internet service,No internet service,No internet service,Two year,No,Mailed check,24.55,1657.4,6042
Female,No,No,No,2,Yes,No,DSL,Yes,No,No,No,Yes,Yes,Month-to-month,Yes,Electronic check,70.75,146.9,3257
Male,Yes,Yes,No,63,Yes,No,DSL,Yes,Yes,Yes,Yes,Yes,Yes,One year,Yes,Bank transfer (automatic),84.0,5329.55,5688
Female,No,Yes,Yes,67,Yes,Yes,Fiber optic,No,No,Yes,Yes,Yes,Yes,Two year,Yes,Bank transfer (automatic),105.65,6717.9,6383
Female,Yes,No,No,60,Yes,Yes,Fiber optic,No,No,Yes,Yes,Yes,Yes,One year,Yes,Electronic check,106.0,6441.4,5507
Male,Yes,No,No,67,Yes,Yes,DSL,Yes,Yes,No,Yes,No,No,Two year,Yes,Bank transfer (automatic),64.55,4250.1,4494
Female,No,Yes,No,62,Yes,Yes,Fiber optic,Yes,Yes,Yes,Yes,Yes,Yes,Two year,No,Mailed check,113.95,6891.4,6193
Male,No,No,No,59,Yes,No,DSL,No,No,Yes,No,No,Yes,One year,Yes,Bank transfer (automatic),61.35,3645.5,6250
Male,No,No,No,31,No,No phone service,DSL,No,No,Yes,No,Yes,Yes,One year,Yes,Electronic check,50.05,1523.4,4529
Female,Yes,Yes,No,69,Yes,Yes,Fiber optic,No,Yes,No,Yes,Yes,Yes,Two year,No,Credit card (automatic),105.4,6998.95,5467
Female,No,No,No,4,Yes,No,DSL,No,No,No,No,Yes,No,Month-to-month,No,Credit card (automatic),55.5,227.35,2328
Female,No,No,No,1,Yes,No,Fiber optic,No,Yes,No,No,Yes,No,Month-to-month,No,Electronic check,84.3,84.3,2172
Female,No,No,No,28,Yes,No,DSL,Yes,Yes,No,No,No,No,Month-to-month,No,Electronic check,56.05,1522.65,4468
Female,No,Yes,No,68,Yes,Yes,Fiber optic,Yes,Yes,No,No,No,No,Two year,Yes,Bank transfer (automatic),84.7,5711.05,5520
Male,No,No,No,12,Yes,No,No,No internet service,No internet service,No internet service,No internet service,No internet service,No internet service,Month-to-month,No,Mailed check,20.45,255.35,4883
Female,Yes,Yes,No,65,Yes,No,Fiber optic,No,Yes,Yes,Yes,Yes,Yes,Two year,Yes,Credit card (automatic),105.85,6725.5,4872
Female,No,No,No,3,Yes,No,Fiber optic,No,Yes,No,Yes,Yes,Yes,Month-to-month,Yes,Electronic check,97.9,315.3,4330
Male,No,Yes,No,11,Yes,No,Fiber optic,No,No,No,No,Yes,No,Month-to-month,Yes,Bank transfer (automatic),79.5,868.5,3469
Male,No,Yes,Yes,47,Yes,Yes,DSL,No,Yes,No,No,No,No,Month-to-month,No,Electronic check,54.25,2538.2,2320
Male,No,No,No,25,Yes,Yes,No,No internet service,No internet service,No internet service,No internet service,No internet service,No internet service,One year,No,Bank transfer (automatic),25.3,676.35,3779
Male,No,No,No,1,Yes,Yes,DSL,No,No,No,No,No,No,Month-to-month,Yes,Credit card (automatic),49.8,49.8,4796
Male,No,No,No,63,Yes,Yes,Fiber optic,No,Yes,Yes,No,Yes,Yes,Two year,Yes,Bank transfer (automatic),104.75,6536.5,5882
Female,Yes,Yes,No,22,Yes,Yes,No,No internet service,No internet service,No internet service,No internet service,No internet service,No internet service,One year,No,Bank transfer (automatic),25.6,548.8,2628
Male,No,Yes,No,60,No,No phone service,DSL,No,Yes,Yes,Yes,Yes,Yes,Month-to-month,Yes,Bank transfer (automatic),60.2,3582.4,5359
Female,No,No,No,1,Yes,No,DSL,No,Yes,No,No,No,No,Month-to-month,No,Electronic check,50.55,50.55,3420
Female,No,Yes,No,62,Yes,No,Fiber optic,No,Yes,Yes,No,Yes,Yes,Month-to-month,Yes,Electronic check,100.15,6283.3,4120
Male,Yes,No,No,47,Yes,Yes,Fiber optic,No,No,No,No,Yes,No,Month-to-month,Yes,Credit card (automatic),86.05,3865.6,5527
Male,Yes,Yes,No,72,Yes,Yes,Fiber optic,No,Yes,Yes,Yes,Yes,Yes,Two year,Yes,Bank transfer (automatic),109.75,7932.5,4265
Female,No,Yes,No,26,Yes,No,DSL,No,Yes,Yes,Yes,Yes,Yes,Month-to-month,No,Bank transfer (automatic),81.9,2078.55,3350
Female,No,Yes,No,11,Yes,Yes,Fiber optic,No,No,Yes,No,Yes,Yes,Month-to-month,Yes,Electronic check,99.5,1056.95,5286
Female,Yes,Yes,No,70,Yes,Yes,Fiber optic,Yes,Yes,Yes,Yes,Yes,Yes,Two year,Yes,Electronic check,113.65,7714.65,6146
Female,No,No,Yes,43,Yes,No,DSL,Yes,Yes,No,No,No,Yes,Month-to-month,Yes,Electronic check,63.95,2737.05,4205
Female,No,Yes,No,69,Yes,Yes,No,No internet service,No internet service,No internet service,No internet service,No internet service,No internet service,One year,Yes,Electronic check,26.3,1763.55,5418
Male,No,Yes,Yes,72,Yes,Yes,Fiber optic,Yes,Yes,Yes,Yes,Yes,Yes,Two year,Yes,Electronic check,114.0,8093.15,4558
Male,No,Yes,Yes,60,Yes,Yes,Fiber optic,No,Yes,No,Yes,Yes,Yes,Month-to-month,Yes,Bank transfer (automatic),103.75,5969.95,6237
Female,No,No,No,13,Yes,No,Fiber optic,No,No,No,No,No,No,Month-to-month,Yes,Mailed check,70.15,886.7,2992
Male,No,Yes,No,59,No,No phone service,DSL,No,Yes,No,No,No,Yes,Month-to-month,Yes,Bank transfer (automatic),41.05,2452.7,4324
Male,No,No,No,67,Yes,No,DSL,Yes,No,Yes,No,No,Yes,Two year,No,Bank transfer (automatic),65.55,4361.55,6035
Male,No,Yes,Yes,12,Yes,No,No,No internet service,No internet service,No internet service,No internet service,No internet service,No internet service,Month-to-month,No,Mailed check,20.5,255.5,2891
Male,No,No,No,3,Yes,Yes,DSL,No,No,No,No,No,No,Month-to-month,No,Bank transfer (automatic),50.4,137.25,4639
Female,No,No,No,1,Yes,No,DSL,No,No,No,No,No,No,Month-to-month,No,Mailed check,45.35,45.35,3980
Male,No,Yes,No,45,Yes,No,DSL,Yes,Yes,Yes,Yes,Yes,Yes,Two year,Yes,Mailed check,84.35,3858.05,3403
Male,No,Yes,Yes,31,Yes,No,DSL,No,No,Yes,Yes,No,No,Month-to-month,No,Mailed check,54.35,1647.0,3615
Male,No,No,No,7,Yes,No,No,No internet service,No internet service,No internet service,No internet service,No internet service,No internet service,Two year,No,Mailed check,19.45,165.35,2600
Female,No,Yes,Yes,33,Yes,No,No,No internet service,No internet service,No internet service,No internet service,No internet service,No internet service,One year,No,Mailed check,20.1,579.4,3342
Male,No,Yes,Yes,40,Yes,Yes,Fiber optic,Yes,Yes,No,Yes,Yes,Yes,Month-to-month,Yes,Credit card (automatic),110.1,4469.1,2283
Male,No,Yes,No,33,Yes,No,Fiber optic,No,No,Yes,No,Yes,Yes,One year,Yes,Electronic check,95.8,3036.75,4161
Female,No,Yes,Yes,1,Yes,No,DSL,No,No,No,No,No,No,Month-to-month,Yes,Bank transfer (automatic),44.35,44.35,4599
Female,No,Yes,Yes,71,Yes,No,No,No internet service,No internet service,No internet service,No internet service,No internet service,No internet service,Two year,No,Bank transfer (automatic),20.1,1389.6,5043
Male,No,No,No,3,Yes,No,DSL,No,No,No,No,Yes,No,Month-to-month,No,Credit card (automatic),53.4,188.7,2755
Female,No,No,No,27,Yes,Yes,Fiber optic,No,No,No,No,Yes,Yes,Month-to-month,Yes,Mailed check,94.55,2724.6,4464
Female,No,No,No,61,Yes,Yes,Fiber optic,Yes,Yes,Yes,Yes,Yes,Yes,One year,Yes,Mailed check,115.1,6993.65,4785
Male,No,No,No,48,Yes,No,No,No internet service,No internet service,No internet service,No internet service,No internet service,No internet service,One year,No,Bank transfer (automatic),19.95,1004.5,4254
Female,No,No,No,41,Yes,No,No,No internet service,No internet service,No internet service,No internet service,No internet service,No internet service,Two year,No,Mailed check,20.0,810.3,5913
Female,No,Yes,No,9,Yes,No,Fiber optic,No,No,Yes,No,No,No,Month-to-month,Yes,Bank transfer (automatic),75.75,655.9,5105
Female,No,No,No,11,No,No phone service,DSL,No,Yes,Yes,Yes,No,No,One year,Yes,Credit card (automatic),40.4,422.6,2133
Female,No,No,No,3,Yes,Yes,DSL,No,No,No,No,Yes,No,Month-to-month,Yes,Electronic check,60.25,170.5,4830
Male,Yes,Yes,No,66,Yes,Yes,DSL,Yes,Yes,Yes,Yes,Yes,No,Two year,No,Credit card (automatic),79.4,5154.6,5910
Male,No,No,No,69,Yes,Yes,Fiber optic,No,Yes,No,Yes,Yes,Yes,One year,Yes,Bank transfer (automatic),104.7,7220.35,6350
Male,No,Yes,No,38,Yes,Yes,Fiber optic,Yes,No,Yes,Yes,Yes,Yes,One year,Yes,Electronic check,110.7,4428.6,5461
Male,No,No,No,1,Yes,No,Fiber optic,No,No,No,No,No,No,Month-to-month,Yes,Electronic check,69.85,69.85,4548
Male,No,Yes,Yes,48,Yes,Yes,Fiber optic,Yes,Yes,Yes,Yes,Yes,Yes,Two year,No,Credit card (automatic),111.8,5443.65,3922
Female,No,Yes,No,19,Yes,No,DSL,No,No,No,No,No,No,Month-to-month,No,Mailed check,44.9,839.65,5842
Female,No,Yes,Yes,16,Yes,No,No,No internet service,No internet service,No internet service,No internet service,No internet service,No internet service,Month-to-month,No,Mailed check,19.35,275.9,4146
Female,No,No,No,18,Yes,Yes,DSL,Yes,No,Yes,No,No,No,Month-to-month,Yes,Mailed check,60.6,1156.35,4459
Male,No,Yes,Yes,25,Yes,No,No,No internet service,No internet service,No internet service,No internet service,No internet service,No internet service,One year,No,Electronic check,19.9,505.45,4134
Male,No,Yes,Yes,55,Yes,No,Fiber optic,No,Yes,No,Yes,No,No,Month-to-month,No,Electronic check,79.4,4238.45,4162
Male,No,No,No,3,Yes,No,DSL,No,No,No,No,No,No,Month-to-month,Yes,Electronic check,45.35,141.5,2450
Male,Yes,No,No,8,Yes,Yes,Fiber optic,No,No,Yes,No,No,No,Month-to-month,Yes,Electronic check,81.25,585.95,3812
Female,No,No,No,39,Yes,No,DSL,No,No,No,Yes,No,Yes,One year,No,Electronic check,59.3,2209.15,5843
Female,No,No,No,5,Yes,No,No,No internet service,No internet service,No internet service,No internet service,No internet service,No internet service,Month-to-month,No,Mailed check,20.15,117.95,5020
Female,No,No,No,61,Yes,Yes,Fiber optic,Yes,Yes,Yes,Yes,Yes,Yes,One year,Yes,Electronic check,118.6,7365.7,5536
Female,No,No,No,1,No,No phone service,DSL,No,No,No,No,Yes,No,Month-to-month,Yes,Electronic check,35.75,35.75,3351
Male,No,No,No,4,Yes,Yes,No,No internet service,No internet service,No internet service,No internet service,No internet service,No internet service,Month-to-month,No,Mailed check,25.25,101.9,3962
Female,No,Yes,No,63,Yes,Yes,DSL,Yes,Yes,No,No,Yes,Yes,One year,Yes,Credit card (automatic),79.7,4786.15,4010
Male,No,No,No,12,Yes,Yes,No,No internet service,No internet service,No internet service,No internet service,No internet service,No internet service,One year,No,Credit card (automatic),24.95,280.4,4443
Female,No,Yes,No,3,Yes,Yes,Fiber optic,No,No,No,No,No,No,Month-to-month,Yes,Credit card (automatic),75.15,216.75,2270
Female,No,Yes,Yes,15,Yes,Yes,Fiber optic,No,Yes,Yes,No,Yes,Yes,Month-to-month,Yes,Bank transfer (automatic),105.35,1559.25,2721
Male,No,No,Yes,50,No,No phone service,DSL,Yes,Yes,No,No,Yes,No,One year,Yes,Bank transfer (automatic),43.05,2208.05,5409
Male,No,Yes,No,42,Yes,Yes,Fiber optic,No,Yes,Yes,No,Yes,No,Month-to-month,Yes,Bank transfer (automatic),95.25,3959.35,2075
Female,No,Yes,No,10,Yes,No,No,No internet service,No internet service,No internet service,No internet service,No internet service,No internet service,Month-to-month,Yes,Bank transfer (automatic),19.95,187.75,3831
Male,No,Yes,No,55,Yes,No,DSL,Yes,No,No,No,No,Yes,One year,No,Credit card (automatic),59.45,3157.0,5712
Female,No,No,No,23,Yes,No,Fiber optic,Yes,No,No,No,No,No,Month-to-month,Yes,Bank transfer (automatic),75.0,1778.5,2221
Male,No,Yes,No,9,Yes,Yes,DSL,No,Yes,Yes,No,No,Yes,Month-to-month,Yes,Credit card (automatic),69.05,653.95,2907
Female,Yes,Yes,No,59,Yes,Yes,Fiber optic,Yes,Yes,Yes,Yes,No,No,One year,Yes,Electronic check,94.05,5483.9,5061
Female,No,Yes,No,72,Yes,No,DSL,Yes,Yes,Yes,Yes,Yes,Yes,Two year,No,Mailed check,85.1,6155.4,4147
Female,No,No,No,1,Yes,No,Fiber optic,No,No,No,Yes,Yes,Yes,Month-to-month,Yes,Electronic check,95.85,95.85,3270
Female,No,Yes,Yes,24,Yes,No,No,No internet service,No internet service,No internet service,No internet service,No internet service,No internet service,Two year,Yes,Credit card (automatic),21.1,490.65,4368
Female,No,Yes,Yes,58,Yes,Yes,DSL,No,Yes,No,No,Yes,No,Month-to-month,Yes,Bank transfer (automatic),66.8,3970.4,6433
Male,No,Yes,No,31,Yes,Yes,DSL,Yes,Yes,No,Yes,No,Yes,One year,Yes,Bank transfer (automatic),75.25,2344.5,4258
Female,No,Yes,No,16,Yes,No,No,No internet service,No internet service,No internet service,No internet service,No internet service,No internet service,Month-to-month,No,Mailed check,19.6,314.45,4298
Male,No,Yes,No,37,Yes,Yes,DSL,Yes,No,Yes,No,Yes,Yes,One year,No,Mailed check,79.25,2911.8,2322
Male,No,Yes,No,17,Yes,No,Fiber optic,No,No,No,No,No,No,Month-to-month,Yes,Electronic check,69.0,1149.65,3368
Male,No,Yes,No,49,Yes,Yes,Fiber optic,Yes,Yes,No,No,Yes,No,Month-to-month,Yes,Bank transfer (automatic),93.85,4733.1,5698
Male,No,No,No,2,Yes,No,DSL,No,No,No,No,No,No,Month-to-month,Yes,Electronic check,45.15,98.5,2699
Male,Yes,No,No,47,Yes,No,Fiber optic,Yes,No,No,No,No,Yes,Month-to-month,No,Mailed check,85.5,4042.3,3645
Female,No,No,No,1,Yes,No,Fiber optic,No,No,No,No,No,No,Month-to-month,Yes,Electronic check,69.5,69.5,3365
Male,No,Yes,No,56,Yes,No,Fiber optic,No,No,No,No,Yes,Yes,Month-to-month,No,Mailed check,89.7,4952.95,5955
Female,No,Yes,Yes,46,Yes,No,Fiber optic,No,No,Yes,Yes,No,Yes,One year,No,Bank transfer (automatic),90.95,4236.6,5187
Male,No,Yes,Yes,72,Yes,Yes,DSL,Yes,Yes,Yes,Yes,Yes,Yes,Two year,No,Credit card (automatic),89.7,6339.3,4193
Male,No,No,No,43,Yes,Yes,Fiber optic,No,No,No,Yes,Yes,Yes,One year,Yes,Electronic check,100.0,4211.55,4760
Female,No,No,No,1,Yes,No,Fiber optic,No,No,No,No,No,No,Month-to-month,No,Electronic check,70.5,70.5,4123
Male,Yes,Yes,No,72,Yes,Yes,Fiber optic,No,Yes,Yes,Yes,Yes,Yes,Two year,Yes,Bank transfer (automatic),111.65,8022.85,4406
Male,Yes,No,No,12,No,No phone service,DSL,No,Yes,No,No,No,No,Month-to-month,Yes,Credit card (automatic),29.35,381.2,3606
Male,Yes,Yes,No,68,No,No phone service,DSL,Yes,Yes,Yes,No,No,No,Two year,Yes,Electronic check,41.95,2965.75,5607
Male,Yes,No,No,41,Yes,Yes,Fiber optic,No,No,Yes,No,Yes,Yes,Month-to-month,Yes,Electronic check,98.4,4187.75,2169
Female,No,Yes,Yes,58,Yes,No,Fiber optic,No,Yes,Yes,No,Yes,No,Month-to-month,Yes,Electronic check,91.55,5511.65,6423
Female,No,No,Yes,39,No,No phone service,DSL,No,No,Yes,No,No,No,Month-to-month,No,Credit card (automatic),30.1,1131.3,3106
Male,No,No,No,48,Yes,Yes,DSL,Yes,No,Yes,No,Yes,Yes,One year,Yes,Credit card (automatic),78.75,3682.45,2257
Male,No,Yes,Yes,25,Yes,Yes,No,No internet service,No internet service,No internet service,No internet service,No internet service,No internet service,Month-to-month,Yes,Bank transfer (automatic),25.4,546.85,5250
Male,No,Yes,Yes,16,Yes,No,No,No internet service,No internet service,No internet service,No internet service,No internet service,No internet service,Two year,No,Mailed check,20.5,290.55,2856
Male,No,No,No,24,Yes,No,Fiber optic,No,Yes,Yes,No,No,Yes,Month-to-month,Yes,Electronic check,89.55,2187.15,2007
Male,No,No,No,43,Yes,No,Fiber optic,Yes,Yes,Yes,Yes,No,No,One year,Yes,Credit card (automatic),90.65,3882.3,2496
Female,No,No,No,1,No,No phone service,DSL,No,No,No,No,No,Yes,Month-to-month,No,Mailed check,35.05,35.05,3706
Male,No,No,No,3,Yes,No,DSL,No,No,No,No,Yes,No,Month-to-month,Yes,Credit card (automatic),54.7,169.45,3335
Female,No,No,No,3,Yes,No,Fiber optic,No,No,No,No,No,No,Month-to-month,Yes,Electronic check,70.25,229.7,2156
Male,No,Yes,No,57,Yes,No,DSL,Yes,No,No,Yes,No,No,Month-to-month,No,Electronic check,55.7,3171.6,4607
Female,Yes,Yes,No,57,Yes,Yes,Fiber optic,No,Yes,Yes,No,No,Yes,Month-to-month,No,Credit card (automatic),94.0,5438.95,6015
Female,No,No,Yes,1,Yes,No,DSL,Yes,No,No,Yes,No,No,Month-to-month,No,Electronic check,54.5,54.5,4359
Female,No,No,No,9,Yes,No,DSL,No,No,No,No,No,No,Month-to-month,No,Electronic check,45.15,416.45,3757
Male,Yes,Yes,No,6,Yes,No,Fiber optic,No,No,Yes,No,Yes,Yes,Month-to-month,Yes,Electronic check,95.75,573.75,5750
Male,No,Yes,Yes,63,Yes,Yes,Fiber optic,No,Yes,Yes,No,Yes,Yes,Two year,Yes,Bank transfer (automatic),104.8,6597.25,4046
Female,Yes,No,No,14,Yes,Yes,Fiber optic,No,No,Yes,No,No,No,Month-to-month,Yes,Bank transfer (automatic),80.35,1058.1,3276
Male,No,No,Yes,23,Yes,No,DSL,No,Yes,No,Yes,No,No,Month-to-month,Yes,Bank transfer (automatic),55.3,1284.2,4028
Female,No,Yes,No,71,Yes,Yes,No,No internet service,No internet service,No internet service,No internet service,No internet service,No internet service,Two year,Yes,Credit card (automatic),24.45,1681.6,4742
Female,No,Yes,Yes,43,Yes,Yes,Fiber optic,No,No,Yes,No,No,Yes,Month-to-month,Yes,Bank transfer (automatic),92.55,4039.0,3853
Female,Yes,No,No,17,Yes,No,Fiber optic,No,Yes,Yes,No,Yes,No,Month-to-month,Yes,Electronic check,89.15,1496.9,5082
Female,No,Yes,Yes,15,Yes,No,DSL,No,No,No,No,No,No,Month-to-month,No,Electronic check,46.3,639.45,3103
Male,No,No,No,35,Yes,Yes,DSL,Yes,No,No,No,No,No,Two year,No,Mailed check,55.25,1924.1,5498
Female,No,Yes,No,31,Yes,Yes,Fiber optic,No,No,Yes,Yes,Yes,Yes,Month-to-month,Yes,Electronic check,104.2,3243.45,5000
Male,No,Yes,No,71,Yes,Yes,DSL,Yes,Yes,Yes,Yes,Yes,Yes,Two year,No,Electronic check,90.35,6325.25,6483
Female,No,No,No,34,Yes,No,Fiber optic,No,Yes,No,No,No,No,Month-to-month,Yes,Credit card (automatic),73.95,2524.45,5795
Female,No,No,No,15,Yes,Yes,DSL,Yes,No,No,No,No,Yes,Month-to-month,Yes,Bank transfer (automatic),64.65,994.55,4780
Male,No,Yes,Yes,68,Yes,Yes,No,No internet service,No internet service,No internet service,No internet service,No internet service,No internet service,Two year,No,Bank transfer (automatic),25.4,1620.2,5668
Male,No,Yes,Yes,26,Yes,Yes,DSL,No,No,Yes,Yes,Yes,Yes,One year,Yes,Credit card (automatic),82.0,2083.1,3973
Male,No,No,Yes,1,Yes,No,DSL,Yes,Yes,No,Yes,No,Yes,Month-to-month,Yes,Bank transfer (automatic),70.45,70.45,2706
Female,Yes,No,No,57,Yes,No,DSL,Yes,No,Yes,Yes,Yes,No,Two year,No,Bank transfer (automatic),69.85,4003.0,4759
Female,No,No,No,39,Yes,No,Fiber optic,Yes,No,Yes,Yes,Yes,No,One year,Yes,Electronic check,95.55,3692.85,2767
Male,No,Yes,No,46,Yes,Yes,No,No internet service,No internet service,No internet service,No internet service,No internet service,No internet service,One year,No,Electronic check,24.9,1174.8,2026
Male,No,No,No,64,Yes,Yes,Fiber optic,No,Yes,Yes,No,Yes,Yes,Two year,Yes,Bank transfer (automatic),104.4,6692.65,5617
Female,No,Yes,No,3,Yes,Yes,Fiber optic,No,No,No,No,Yes,Yes,Month-to-month,No,Electronic check,94.9,273.2,2330
Female,No,No,No,4,Yes,No,No,No internet service,No internet service,No internet service,No internet service,No internet service,No internet service,Month-to-month,Yes,Credit card (automatic),20.15,68.45,5221
Male,No,Yes,No,71,Yes,Yes,DSL,Yes,Yes,Yes,Yes,Yes,Yes,Two year,Yes,Mailed check,91.25,6589.6,5529
Female,No,Yes,No,24,Yes,No,Fiber optic,No,Yes,Yes,No,Yes,Yes,Month-to-month,Yes,Credit card (automatic),99.3,2431.35,4811
Female,No,No,No,43,Yes,No,No,No internet service,No internet service,No internet service,No internet service,No internet service,No internet service,Two year,Yes,Bank transfer (automatic),19.65,779.25,3678
Female,No,No,No,17,Yes,Yes,DSL,No,No,Yes,Yes,Yes,No,Month-to-month,Yes,Mailed check,69.0,1108.0,4439
Male,Yes,Yes,No,34,Yes,No,Fiber optic,No,No,Yes,No,Yes,No,Month-to-month,Yes,Credit card (automatic),85.2,2874.45,5393
Male,No,No,No,10,Yes,No,DSL,No,No,No,No,No,No,Month-to-month,Yes,Credit card (automatic),44.85,435.4,4061
Female,Yes,No,No,40,Yes,No,Fiber optic,No,No,No,No,Yes,Yes,Month-to-month,Yes,Electronic check,91.55,3673.6,5742
Female,Yes,No,No,52,Yes,Yes,DSL,Yes,No,Yes,No,No,No,Two year,No,Bank transfer (automatic),59.85,3103.25,5085
Female,No,Yes,Yes,51,Yes,Yes,Fiber optic,Yes,Yes,No,No,No,Yes,Month-to-month,Yes,Electronic check,93.8,4539.35,5457
Male,No,No,No,13,Yes,Yes,Fiber optic,No,No,No,Yes,Yes,Yes,Month-to-month,No,Electronic check,100.75,1313.25,5985
Female,No,No,Yes,18,Yes,Yes,DSL,Yes,No,No,No,No,Yes,Month-to-month,No,Electronic check,64.8,1166.7,2466
Female,No,Yes,Yes,30,Yes,No,DSL,No,No,Yes,Yes,Yes,No,One year,Yes,Electronic check,64.5,1985.15,2215
Male,No,No,No,4,Yes,No,Fiber optic,No,No,Yes,No,No,No,Month-to-month,Yes,Bank transfer (automatic),74.8,321.9,5882
Male,No,No,No,4,Yes,No,DSL,No,Yes,No,Yes,Yes,No,Month-to-month,Yes,Bank transfer (automatic),63.75,226.2,2624
Male,No,No,No,1,Yes,No,No,No internet service,No internet service,No internet service,No internet service,No internet service,No internet service,Month-to-month,Yes,Mailed check,20.2,20.2,4325
Female,No,Yes,Yes,38,Yes,No,No,No internet service,No internet service,No internet service,No internet service,No internet service,No internet service,One year,No,Credit card (automatic),19.6,763.1,4623
Female,No,No,No,72,Yes,Yes,Fiber optic,Yes,No,No,Yes,No,No,Two year,Yes,Bank transfer (automatic),84.7,6185.15,4520
Female,No,Yes,No,72,Yes,Yes,Fiber optic,Yes,No,No,No,No,No,Two year,No,Bank transfer (automatic),80.45,5737.6,4202
Female,No,No,No,1,Yes,No,DSL,No,No,No,No,Yes,No,Month-to-month,Yes,Electronic check,54.65,54.65,5882
Male,No,Yes,Yes,56,Yes,Yes,Fiber optic,No,No,Yes,Yes,Yes,Yes,Two year,Yes,Electronic check,103.2,5873.75,4478
Male,Yes,No,No,15,Yes,Yes,Fiber optic,No,No,No,No,No,No,Month-to-month,No,Electronic check,75.65,1146.65,2099
Female,No,No,No,65,Yes,Yes,No,No internet service,No internet service,No internet service,No internet service,No internet service,No internet service,Two year,No,Bank transfer (automatic),26.5,1698.55,4404
Male,No,Yes,Yes,5,Yes,Yes,DSL,Yes,Yes,No,Yes,No,No,Month-to-month,No,Credit card (automatic),64.4,316.9,3260
Male,No,Yes,Yes,72,Yes,Yes,No,No internet service,No internet service,No internet service,No internet service,No internet service,No internet service,Two year,Yes,Bank transfer (automatic),25.2,1798.9,6499
Female,No,Yes,No,72,Yes,Yes,Fiber optic,No,No,Yes,No,Yes,Yes,Two year,Yes,Electronic check,97.85,6841.3,4508
Male,No,No,No,34,Yes,No,DSL,No,Yes,No,No,No,No,Month-to-month,Yes,Electronic check,49.8,1734.2,2711
Male,Yes,Yes,No,64,Yes,Yes,Fiber optic,No,Yes,Yes,No,No,Yes,Month-to-month,Yes,Electronic check,94.25,6081.4,6020
Male,No,Yes,No,65,Yes,No,No,No internet service,No internet service,No internet service,No internet service,No internet service,No internet service,Two year,Yes,Credit card (automatic),20.4,1414.45,5368
Female,No,No,No,54,Yes,Yes,Fiber optic,No,Yes,No,No,Yes,Yes,Two year,Yes,Bank transfer (automatic),97.2,5129.45,4971
Male,No,No,No,1,Yes,No,No,No internet service,No internet service,No internet service,No internet service,No internet service,No internet service,Month-to-month,No,Mailed check,20.35,20.35,2648
Male,No,No,No,11,Yes,No,Fiber optic,No,No,Yes,No,No,Yes,Month-to-month,No,Electronic check,84.8,888.75,4924
Female,No,No,No,6,Yes,No,DSL,Yes,Yes,No,No,No,No,Month-to-month,No,Mailed check,55.15,322.9,5377
Female,No,Yes,No,69,Yes,Yes,No,No internet service,No internet service,No internet service,No internet service,No internet service,No internet service,Two year,No,Bank transfer (automatic),24.25,1641.8,4884
Male,No,No,No,3,Yes,No,No,No internet service,No internet service,No internet service,No internet service,No internet service,No internet service,Month-to-month,Yes,Electronic check,20.5,76.95,5296
Male,No,Yes,Yes,72,No,No phone service,DSL,Yes,Yes,Yes,Yes,Yes,Yes,Two year,Yes,Credit card (automatic),65.25,4478.85,6412
Male,No,Yes,Yes,52,Yes,No,DSL,No,Yes,Yes,Yes,Yes,No,One year,Yes,Electronic check,68.75,3482.85,4172
Female,Yes,No,No,35,Yes,Yes,Fiber optic,Yes,No,No,No,Yes,Yes,Month-to-month,Yes,Electronic check,99.05,3554.6,3484
Male,No,Yes,No,64,Yes,No,Fiber optic,No,Yes,Yes,Yes,Yes,Yes,One year,Yes,Credit card (automatic),102.45,6654.1,6398
Male,No,Yes,No,66,Yes,No,No,No internet service,No internet service,No internet service,No internet service,No internet service,No internet service,One year,Yes,Electronic check,20.35,1359.5,4845
Female,No,Yes,Yes,28,Yes,Yes,Fiber optic,No,No,Yes,Yes,Yes,Yes,Month-to-month,Yes,Electronic check,104.8,3046.05,5003
Male,No,No,No,45,Yes,No,Fiber optic,Yes,Yes,Yes,Yes,Yes,Yes,One year,No,Credit card (automatic),112.2,5031.85,3091
Male,No,No,No,44,Yes,No,No,No internet service,No internet service,No internet service,No internet service,No internet service,No internet service,Two year,No,Credit card (automatic),20.4,905.55,2404
Female,Yes,No,No,2,Yes,Yes,Fiber optic,No,No,No,No,Yes,No,Month-to-month,Yes,Electronic check,85.55,187.45,5512
Female,No,Yes,Yes,55,Yes,Yes,DSL,Yes,Yes,No,Yes,Yes,No,One year,Yes,Credit card (automatic),75.0,4213.9,5011
Male,No,No,No,2,Yes,No,DSL,No,No,No,No,No,No,Month-to-month,No,Mailed check,45.85,81.0,3843
Female,No,Yes,No,72,Yes,Yes,Fiber optic,Yes,Yes,Yes,Yes,Yes,No,Two year,Yes,Bank transfer (automatic),103.95,7556.9,5096
Female,No,No,No,1,Yes,No,Fiber optic,No,No,No,No,Yes,No,Month-to-month,No,Electronic check,79.55,79.55,5082
Male,No,Yes,Yes,37,No,No phone service,DSL,Yes,Yes,Yes,No,No,No,Month-to-month,No,Bank transfer (automatic),40.2,1448.8,3627
Male,No,No,No,62,Yes,Yes,DSL,Yes,Yes,Yes,Yes,No,No,Two year,No,Bank transfer (automatic),69.4,4237.5,6469
Female,No,Yes,Yes,11,Yes,No,No,No internet service,No internet service,No internet service,No internet service,No internet service,No internet service,Two year,No,Credit card (automatic),20.9,202.3,5359
Male,No,No,No,66,Yes,No,No,No internet service,No internet service,No internet service,No internet service,No internet service,No internet service,Two year,No,Bank transfer (automatic),19.35,1240.8,5637
Female,Yes,Yes,No,26,Yes,No,DSL,No,No,Yes,No,No,Yes,One year,No,Mailed check,60.7,1597.4,2502
Male,No,No,No,7,Yes,No,No,No internet service,No internet service,No internet service,No internet service,No internet service,No internet service,One year,No,Mailed check,19.5,128.6,4271
Male,No,Yes,No,10,Yes,No,Fiber optic,No,Yes,No,Yes,Yes,Yes,Month-to-month,Yes,Electronic check,99.85,990.9,4243
Female,No,Yes,Yes,72,Yes,Yes,Fiber optic,Yes,No,Yes,Yes,Yes,Yes,Two year,No,Mailed check,107.45,7576.7,5246
Male,No,No,No,1,Yes,No,Fiber optic,No,No,No,No,No,No,Month-to-month,Yes,Electronic check,69.8,69.8,4154
Female,No,Yes,Yes,4,Yes,No,DSL,Yes,No,No,No,No,No,Month-to-month,No,Electronic check,50.3,217.1,3147
Female,No,No,No,12,Yes,No,No,No internet service,No internet service,No internet service,No internet service,No internet service,No internet service,One year,No,Mailed check,19.7,260.9,3423
Male,No,No,No,1,Yes,No,DSL,Yes,No,No,No,No,No,Month-to-month,No,Electronic check,47.95,47.95,5092
Female,No,Yes,No,46,Yes,Yes,Fiber optic,No,Yes,Yes,Yes,Yes,Yes,Two year,Yes,Credit card (automatic),108.9,4854.3,5119
Male,No,No,No,24,Yes,No,DSL,No,No,No,Yes,No,No,Month-to-month,Yes,Credit card (automatic),51.1,1269.6,2515
Male,No,No,Yes,11,Yes,Yes,Fiber optic,No,No,Yes,No,No,No,Month-to-month,Yes,Mailed check,78.0,851.8,4886
Male,No,Yes,Yes,20,Yes,No,No,No internet service,No internet service,No internet service,No internet service,No internet service,No internet service,Two year,No,Mailed check,20.05,400.0,4328
Male,No,No,Yes,33,Yes,Yes,Fiber optic,Yes,No,Yes,No,No,Yes,Month-to-month,Yes,Bank transfer (automatic),95.3,3275.15,3087
Female,No,No,No,13,Yes,Yes,Fiber optic,No,Yes,Yes,No,No,No,Month-to-month,Yes,Electronic check,84.45,1058.6,5801
Female,No,Yes,No,49,Yes,No,No,No internet service,No internet service,No internet service,No internet service,No internet service,No internet service,Two year,Yes,Bank transfer (automatic),20.15,973.35,5422
Male,No,No,No,14,Yes,No,No,No internet service,No internet service,No internet service,No internet service,No internet service,No internet service,Month-to-month,No,Credit card (automatic),19.6,300.4,2847
Male,Yes,Yes,No,24,Yes,Yes,Fiber optic,Yes,No,No,No,No,No,Month-to-month,Yes,Electronic check,78.85,1772.25,3079
Male,No,Yes,No,4,Yes,Yes,Fiber optic,No,No,Yes,No,Yes,Yes,Month-to-month,No,Electronic check,101.15,385.9,4417
Male,No,No,No,49,Yes,Yes,Fiber optic,No,No,No,Yes,Yes,Yes,One year,Yes,Bank transfer (automatic),100.6,5069.65,5585
Male,No,No,No,4,Yes,No,No,No internet service,No internet service,No internet service,No internet service,No internet service,No internet service,Month-to-month,No,Mailed check,19.0,73.45,4345
Female,No,No,No,71,Yes,Yes,No,No internet service,No internet service,No internet service,No internet service,No internet service,No internet service,Two year,No,Electronic check,24.55,1719.15,4555
Male,No,No,No,57,Yes,No,No,No internet service,No internet service,No internet service,No internet service,No internet service,No internet service,Two year,No,Bank transfer (automatic),20.65,1125.6,4193
Male,No,No,No,19,Yes,Yes,Fiber optic,Yes,No,Yes,No,No,No,Month-to-month,Yes,Electronic check,84.75,1651.95,5157
Male,No,No,No,19,Yes,No,Fiber optic,No,Yes,No,No,No,No,Month-to-month,Yes,Credit card (automatic),73.85,1424.5,2251
Male,No,No,No,15,Yes,No,Fiber optic,No,No,Yes,No,Yes,No,Month-to-month,No,Electronic check,85.3,1219.85,5559
Female,Yes,Yes,No,50,Yes,Yes,Fiber optic,Yes,Yes,Yes,No,Yes,Yes,Month-to-month,No,Bank transfer (automatic),108.75,5431.9,5211
Female,No,No,No,18,Yes,Yes,Fiber optic,No,Yes,No,No,Yes,No,Month-to-month,Yes,Credit card (automatic),90.0,1527.35,2708
Male,No,Yes,No,36,No,No phone service,DSL,Yes,No,Yes,Yes,Yes,Yes,One year,No,Credit card (automatic),60.7,2234.55,3671
Male,No,Yes,No,38,Yes,Yes,DSL,No,No,Yes,Yes,No,Yes,One year,No,Credit card (automatic),69.0,2669.45,4487
Female,No,Yes,Yes,72,Yes,Yes,Fiber optic,Yes,Yes,Yes,Yes,Yes,No,Two year,No,Credit card (automatic),106.1,7657.4,5146
Male,Yes,No,No,2,No,No phone service,DSL,No,No,No,No,No,No,Month-to-month,Yes,Mailed check,24.45,47.5,5573
Female,No,No,No,48,Yes,No,Fiber optic,No,Yes,No,No,No,No,One year,No,Electronic check,75.15,3772.65,3345
Female,No,No,No,1,Yes,Yes,DSL,No,No,No,No,No,No,Month-to-month,Yes,Mailed check,50.1,50.1,4778
Male,No,Yes,Yes,69,Yes,No,Fiber optic,Yes,Yes,No,Yes,Yes,Yes,Two year,Yes,Credit card (automatic),106.35,7261.75,6315
Female,No,No,No,12,Yes,No,DSL,No,No,No,No,No,No,Month-to-month,Yes,Bank transfer (automatic),45.0,524.35,4998
Female,No,Yes,Yes,4,Yes,No,No,No internet service,No internet service,No internet service,No internet service,No internet service,No internet service,Month-to-month,Yes,Electronic check,19.95,82.9,2951
Male,No,No,No,1,Yes,No,Fiber optic,No,No,No,No,No,No,Month-to-month,Yes,Mailed check,70.45,70.45,3525
Female,No,Yes,No,46,Yes,Yes,No,No internet service,No internet service,No internet service,No internet service,No internet service,No internet service,One year,Yes,Bank transfer (automatic),24.45,1066.15,2438
Male,No,No,Yes,66,Yes,No,No,No internet service,No internet service,No internet service,No internet service,No internet service,No internet service,Two year,No,Mailed check,20.55,1357.1,4101
Female,No,No,Yes,11,No,No phone service,DSL,Yes,No,No,Yes,No,No,One year,Yes,Mailed check,36.05,402.6,4265
Male,No,No,No,24,No,No phone service,DSL,Yes,No,No,Yes,No,No,Two year,No,Mailed check,35.75,830.8,5531
Male,No,Yes,Yes,70,Yes,Yes,Fiber optic,Yes,Yes,Yes,Yes,Yes,Yes,Two year,No,Credit card (automatic),114.75,7842.3,5035
Male,No,Yes,No,63,Yes,No,No,No internet service,No internet service,No internet service,No internet service,No internet service,No internet service,Two year,Yes,Bank transfer (automatic),19.95,1234.8,5151
Female,No,No,No,6,Yes,No,No,No internet service,No internet service,No internet service,No internet service,No internet service,No internet service,Month-to-month,No,Mailed check,20.0,109.2,3142
Male,No,No,No,14,Yes,No,No,No internet service,No internet service,No internet service,No internet service,No internet service,No internet service,Month-to-month,No,Mailed check,19.9,283.75,3854
Male,No,Yes,Yes,69,Yes,Yes,No,No internet service,No internet service,No internet service,No internet service,No internet service,No internet service,Two year,Yes,Bank transfer (automatic),26.0,1796.55,4933
Female,No,No,No,7,Yes,Yes,DSL,Yes,No,No,No,No,No,Month-to-month,Yes,Electronic check,53.65,404.35,4389
Male,No,Yes,No,3,Yes,Yes,Fiber optic,No,No,No,Yes,No,No,Month-to-month,Yes,Bank transfer (automatic),79.65,251.75,5036
Female,No,Yes,No,58,Yes,Yes,DSL,Yes,No,No,Yes,No,No,One year,Yes,Bank transfer (automatic),61.05,3478.75,4411
Female,No,No,Yes,11,No,No phone service,DSL,No,No,No,No,No,No,Month-to-month,No,Electronic check,25.2,321.05,5916
Male,No,No,No,72,Yes,Yes,Fiber optic,Yes,Yes,Yes,Yes,Yes,Yes,Two year,No,Bank transfer (automatic),113.4,8164.1,6347
Female,No,No,No,62,Yes,Yes,No,No internet service,No internet service,No internet service,No internet service,No internet service,No internet service,Two year,Yes,Credit card (automatic),25.8,1563.95,6201
Male,No,No,No,2,Yes,No,No,No internet service,No internet service,No internet service,No internet service,No internet service,No internet service,Month-to-month,No,Mailed check,19.85,51.6,3300
Female,No,No,No,31,Yes,Yes,Fiber optic,Yes,Yes,No,No,Yes,Yes,Month-to-month,No,Electronic check,104.35,3205.6,5320
Male,No,Yes,No,1,No,No phone service,DSL,No,No,No,No,No,No,Month-to-month,Yes,Electronic check,23.45,23.45,4517
Male,No,No,No,4,Yes,No,No,No internet service,No internet service,No internet service,No internet service,No internet service,No internet service,One year,No,Mailed check,19.7,117.8,5018
Male,No,Yes,No,47,Yes,Yes,Fiber optic,No,No,No,No,Yes,Yes,One year,Yes,Credit card (automatic),95.2,4563.0,4977
Female,No,No,No,41,Yes,Yes,DSL,No,Yes,Yes,No,Yes,Yes,One year,Yes,Electronic check,80.55,3263.9,4176
Female,No,No,No,47,No,No phone service,DSL,Yes,No,Yes,Yes,No,No,Two year,No,Mailed check,41.9,1875.25,2540
Male,No,No,No,1,No,No phone service,DSL,No,No,No,No,No,Yes,Month-to-month,Yes,Electronic check,35.45,35.45,2301
Female,No,No,Yes,8,Yes,No,No,No internet service,No internet service,No internet service,No internet service,No internet service,No internet service,Month-to-month,No,Mailed check,19.95,170.9,5919
Female,No,Yes,Yes,34,Yes,No,DSL,Yes,Yes,Yes,Yes,Yes,Yes,Two year,No,Mailed check,84.75,2839.45,2020
Male,No,Yes,Yes,43,Yes,Yes,No,No internet service,No internet service,No internet service,No internet service,No internet service,No internet service,Two year,No,Mailed check,24.25,1077.95,4432
Female,No,No,No,4,Yes,No,DSL,Yes,No,No,No,No,No,Month-to-month,Yes,Bank transfer (automatic),50.55,235.65,4164
Male,No,Yes,No,53,Yes,Yes,Fiber optic,No,Yes,No,Yes,No,Yes,One year,No,Bank transfer (automatic),97.75,5043.2,4488
Male,No,No,No,69,Yes,Yes,DSL,Yes,Yes,Yes,Yes,Yes,Yes,Two year,No,Mailed check,90.65,6322.1,6487
Male,No,No,No,3,Yes,Yes,Fiber optic,No,No,No,No,No,No,Month-to-month,No,Electronic check,74.5,217.45,5203
Female,No,Yes,Yes,64,Yes,No,DSL,Yes,No,No,Yes,Yes,No,One year,No,Mailed check,65.8,4068.0,4754
Male,No,No,Yes,10,Yes,Yes,No,No internet service,No internet service,No internet service,No internet service,No internet service,No internet service,Month-to-month,No,Credit card (automatic),24.8,223.9,5212
Male,No,No,No,25,Yes,No,No,No internet service,No internet service,No internet service,No internet service,No internet service,No internet service,Month-to-month,No,Mailed check,20.6,541.5,2305
Male,No,No,Yes,1,Yes,No,DSL,Yes,No,No,No,No,No,Month-to-month,No,Mailed check,50.6,50.6,3677
Male,No,No,No,32,Yes,Yes,Fiber optic,Yes,No,No,Yes,No,No,Month-to-month,No,Bank transfer (automatic),87.65,2766.4,2426
Male,No,No,No,36,Yes,No,DSL,Yes,No,Yes,Yes,Yes,Yes,Month-to-month,Yes,Credit card (automatic),79.2,2854.95,4830
Female,No,No,No,30,Yes,No,DSL,Yes,Yes,No,No,No,No,Month-to-month,Yes,Bank transfer (automatic),55.3,1530.6,2725
Female,No,No,No,25,Yes,No,DSL,Yes,Yes,Yes,Yes,Yes,No,One year,No,Mailed check,74.3,1863.8,5175
Male,Yes,Yes,Yes,29,Yes,Yes,Fiber optic,No,No,Yes,No,Yes,Yes,Month-to-month,Yes,Electronic check,103.95,2964.8,3733
Female,No,No,No,1,Yes,Yes,Fiber optic,No,No,No,No,No,No,Month-to-month,No,Electronic check,76.0,76.0,2567
Female,No,Yes,No,57,Yes,Yes,Fiber optic,No,Yes,Yes,Yes,Yes,Yes,One year,Yes,Bank transfer (automatic),109.4,6252.7,6026
Male,No,No,No,25,Yes,No,No,No internet service,No internet service,No internet service,No internet service,No internet service,No internet service,One year,No,Credit card (automatic),19.9,510.8,2130
Male,Yes,Yes,No,32,Yes,Yes,Fiber optic,No,Yes,Yes,No,Yes,Yes,Month-to-month,No,Bank transfer (automatic),106.35,3520.75,4113
Male,No,Yes,Yes,71,Yes,Yes,DSL,Yes,Yes,Yes,Yes,Yes,Yes,Two year,No,Bank transfer (automatic),86.85,6263.8,6452
Female,No,No,No,4,No,No phone service,DSL,Yes,No,Yes,No,No,No,Month-to-month,No,Mailed check,35.0,135.75,3523
Female,No,Yes,No,55,Yes,Yes,DSL,Yes,Yes,Yes,Yes,Yes,Yes,One year,Yes,Electronic check,90.15,4916.95,4712
Female,No,Yes,No,17,Yes,No,Fiber optic,Yes,No,No,Yes,Yes,No,Month-to-month,No,Electronic check,91.85,1574.45,5643
Male,No,Yes,Yes,63,Yes,Yes,No,No internet service,No internet service,No internet service,No internet service,No internet service,No internet service,Two year,No,Credit card (automatic),24.65,1574.5,4392
Male,Yes,No,No,7,No,No phone service,DSL,No,Yes,No,Yes,No,Yes,Month-to-month,Yes,Electronic check,44.4,265.8,3410
Male,No,Yes,No,72,Yes,Yes,Fiber optic,Yes,Yes,Yes,Yes,Yes,Yes,One year,Yes,Bank transfer (automatic),117.8,8684.8,4432
Female,Yes,No,No,45,No,No phone service,DSL,No,No,No,No,No,Yes,One year,No,Electronic check,34.2,1596.6,5715
Female,No,No,Yes,1,Yes,No,Fiber optic,No,No,No,No,Yes,Yes,Month-to-month,Yes,Electronic check,89.35,89.35,2432
Female,No,Yes,Yes,72,Yes,Yes,Fiber optic,Yes,No,Yes,Yes,Yes,Yes,Two year,Yes,Bank transfer (automatic),110.45,8058.85,4754
Male,No,No,No,12,Yes,No,Fiber optic,No,No,No,No,Yes,No,Month-to-month,Yes,Electronic check,81.45,912.0,2916
Male,Yes,Yes,No,30,Yes,Yes,Fiber optic,No,No,No,Yes,Yes,Yes,Month-to-month,Yes,Electronic check,101.5,2917.65,4828
Male,Yes,Yes,No,72,Yes,Yes,Fiber optic,Yes,Yes,Yes,Yes,Yes,Yes,Month-to-month,Yes,Credit card (automatic),112.9,8061.5,5569
Female,Yes,Yes,No,25,Yes,No,Fiber optic,No,No,No,No,No,No,Month-to-month,Yes,Electronic check,69.3,1813.1,4442
Male,No,Yes,Yes,27,Yes,Yes,Fiber optic,No,Yes,No,Yes,No,No,Month-to-month,Yes,Credit card (automatic),85.2,2151.6,3796
Male,No,Yes,Yes,58,Yes,Yes,DSL,Yes,Yes,Yes,Yes,No,No,Two year,No,Credit card (automatic),71.6,4230.25,4747
Male,No,No,No,2,Yes,No,DSL,No,No,No,No,No,No,Month-to-month,Yes,Mailed check,45.0,96.45,5704
Male,No,Yes,No,60,Yes,No,DSL,Yes,No,No,No,Yes,No,One year,Yes,Mailed check,59.8,3561.15,5488
Female,No,Yes,Yes,20,Yes,No,No,No internet service,No internet service,No internet service,No internet service,No internet service,No internet service,One year,No,Bank transfer (automatic),19.7,395.6,4910
Female,Yes,No,No,63,Yes,Yes,DSL,Yes,Yes,Yes,Yes,Yes,No,One year,No,Bank transfer (automatic),83.0,5243.05,5428
Male,No,Yes,Yes,14,Yes,No,No,No internet service,No internet service,No internet service,No internet service,No internet service,No internet service,One year,No,Mailed check,19.75,309.35,3958
Female,No,No,No,29,Yes,No,No,No internet service,No internet service,No internet service,No internet service,No internet service,No internet service,One year,No,Mailed check,20.35,617.35,4840
Female,No,Yes,No,1,Yes,No,Fiber optic,No,No,No,No,No,No,Month-to-month,Yes,Electronic check,68.95,68.95,5644
Male,No,No,No,29,Yes,No,Fiber optic,No,Yes,No,Yes,Yes,No,Month-to-month,No,Mailed check,89.65,2623.65,2681
Male,No,No,No,4,Yes,Yes,DSL,No,No,No,No,No,No,Month-to-month,No,Credit card (automatic),51.75,201.1,3865
Female,No,No,No,70,Yes,Yes,Fiber optic,Yes,Yes,Yes,Yes,Yes,Yes,One year,No,Credit card (automatic),115.55,8127.6,4838
Female,No,Yes,Yes,6,Yes,No,DSL,Yes,Yes,No,No,No,No,Month-to-month,No,Credit card (automatic),55.9,365.35,4914
Male,Yes,No,No,4,Yes,No,Fiber optic,No,No,Yes,No,Yes,Yes,Month-to-month,Yes,Electronic check,94.75,422.4,2757
Male,No,Yes,Yes,46,Yes,No,No,No internet service,No internet service,No internet service,No internet service,No internet service,No internet service,Two year,No,Credit card (automatic),19.75,856.5,2610
Male,No,No,No,9,Yes,No,DSL,No,No,No,No,No,No,Month-to-month,Yes,Mailed check,44.4,348.15,5457
Male,No,No,No,1,Yes,No,Fiber optic,No,No,No,No,No,No,Month-to-month,Yes,Mailed check,71.35,71.35,5730
Male,No,No,No,31,Yes,No,Fiber optic,No,Yes,Yes,No,Yes,Yes,Month-to-month,Yes,Electronic check,101.4,3143.65,2025
Male,Yes,No,No,1,Yes,Yes,Fiber optic,No,No,No,No,No,No,Month-to-month,Yes,Electronic check,75.35,75.35,4403
Male,No,Yes,Yes,45,Yes,Yes,DSL,Yes,Yes,No,Yes,Yes,No,Two year,No,Credit card (automatic),73.85,3371.0,5264
Female,No,No,No,11,Yes,No,DSL,Yes,No,Yes,No,No,Yes,Month-to-month,No,Bank transfer (automatic),64.05,733.95,4171
Female,No,No,No,63,Yes,Yes,Fiber optic,No,Yes,Yes,Yes,Yes,Yes,Month-to-month,Yes,Credit card (automatic),109.85,7002.95,5775
Female,No,No,No,3,Yes,Yes,No,No internet service,No internet service,No internet service,No internet service,No internet service,No internet service,Month-to-month,No,Mailed check,24.6,86.35,5756
Male,No,Yes,No,16,Yes,No,DSL,Yes,No,Yes,No,Yes,No,Two year,No,Mailed check,64.25,1024.0,5511
Female,No,Yes,Yes,19,Yes,No,No,No internet service,No internet service,No internet service,No internet service,No internet service,No internet service,Month-to-month,No,Mailed check,20.2,382.2,3636
Male,No,Yes,No,71,Yes,No,DSL,No,Yes,Yes,Yes,Yes,Yes,Two year,Yes,Credit card (automatic),79.1,5564.85,5872
Male,No,No,No,17,Yes,Yes,Fiber optic,No,No,Yes,Yes,No,No,One year,No,Electronic check,86.75,1410.25,5863
Male,No,Yes,Yes,50,Yes,No,DSL,No,No,No,No,No,No,One year,Yes,Bank transfer (automatic),44.8,2230.85,6115
Male,No,No,No,2,Yes,No,Fiber optic,No,No,No,No,No,No,Month-to-month,Yes,Credit card (automatic),71.3,157.75,2274
Male,No,No,No,34,Yes,No,No,No internet service,No internet service,No internet service,No internet service,No internet service,No internet service,Month-to-month,No,Mailed check,19.7,675.6,4136
Male,No,Yes,No,42,Yes,Yes,DSL,Yes,No,No,No,No,No,One year,No,Credit card (automatic),56.1,2386.85,5904
Female,No,Yes,Yes,69,Yes,Yes,Fiber optic,Yes,No,Yes,No,No,No,One year,No,Bank transfer (automatic),84.45,5848.6,5629
Female,No,No,No,9,Yes,No,DSL,No,No,No,No,No,No,Month-to-month,Yes,Bank transfer (automatic),44.2,403.35,2029
Male,No,No,No,4,No,No phone service,DSL,No,No,No,Yes,No,No,Month-to-month,No,Electronic check,30.5,118.4,3030
Female,No,Yes,No,54,Yes,Yes,Fiber optic,Yes,Yes,Yes,Yes,Yes,Yes,One year,Yes,Mailed check,114.65,6049.5,4488
Female,No,No,No,33,Yes,Yes,DSL,Yes,No,No,Yes,No,No,One year,No,Electronic check,59.4,1952.8,2853
Female,No,No,Yes,12,Yes,Yes,Fiber optic,No,No,No,No,Yes,No,Month-to-month,Yes,Electronic check,84.05,966.55,4621
Male,No,Yes,Yes,71,Yes,Yes,DSL,Yes,No,Yes,Yes,Yes,Yes,One year,No,Electronic check,85.45,6300.85,5280
Male,No,No,No,3,No,No phone service,DSL,No,No,No,Yes,No,No,Month-to-month,Yes,Electronic check,29.75,96.85,3425
Female,No,No,No,7,Yes,No,Fiber optic,No,No,Yes,No,No,No,Month-to-month,Yes,Electronic check,75.15,525.0,4216
Female,No,No,No,38,Yes,No,No,No internet service,No internet service,No internet service,No internet service,No internet service,No internet service,Two year,No,Mailed check,20.05,741.5,2295
Male,No,Yes,Yes,19,Yes,No,No,No internet service,No internet service,No internet service,No internet service,No internet service,No internet service,One year,No,Mailed check,19.9,357.7,5964
Female,No,Yes,No,70,Yes,Yes,DSL,No,Yes,Yes,Yes,Yes,Yes,Two year,Yes,Bank transfer (automatic),84.8,5917.55,4032
Male,No,Yes,No,54,No,No phone service,DSL,No,Yes,No,No,No,No,Month-to-month,No,Electronic check,30.4,1621.35,4778
Female,No,Yes,No,56,Yes,Yes,DSL,Yes,No,No,No,Yes,No,One year,No,Bank transfer (automatic),65.2,3512.15,4775
Female,No,No,No,65,Yes,No,DSL,Yes,Yes,No,Yes,No,No,Two year,Yes,Mailed check,59.6,3739.8,4372
Male,No,No,No,35,Yes,No,Fiber optic,No,No,Yes,No,Yes,No,One year,Yes,Electronic check,85.15,3030.6,5928
Female,No,Yes,No,63,Yes,Yes,Fiber optic,No,Yes,No,No,No,No,Month-to-month,Yes,Bank transfer (automatic),81.55,5029.05,4980
Female,Yes,Yes,No,37,Yes,No,No,No internet service,No internet service,No internet service,No internet service,No internet service,No internet service,One year,No,Mailed check,19.6,727.8,5730
Male,No,No,No,4,Yes,Yes,Fiber optic,No,Yes,No,No,No,Yes,Month-to-month,Yes,Electronic check,90.05,368.1,3212
Female,No,No,No,10,Yes,Yes,Fiber optic,Yes,No,No,No,Yes,Yes,Month-to-month,Yes,Electronic check,98.7,973.25,5561
Female,Yes,No,No,1,Yes,No,Fiber optic,No,No,No,No,No,No,Month-to-month,Yes,Electronic check,70.15,70.15,2825
Female,No,Yes,Yes,70,Yes,No,No,No internet service,No internet service,No internet service,No internet service,No internet service,No internet service,Two year,No,Bank transfer (automatic),19.8,1378.75,5169
Female,No,No,No,22,Yes,Yes,Fiber optic,No,No,No,Yes,Yes,No,Month-to-month,Yes,Electronic check,90.0,1993.8,4739
Female,No,No,No,7,Yes,No,DSL,Yes,Yes,No,Yes,Yes,Yes,Month-to-month,Yes,Electronic check,78.5,571.05,3601
Male,No,Yes,No,31,Yes,Yes,DSL,No,No,No,No,Yes,No,Month-to-month,Yes,Credit card (automatic),59.05,1882.8,5841
Female,No,Yes,Yes,69,No,No phone service,DSL,No,Yes,Yes,No,Yes,Yes,Two year,Yes,Credit card (automatic),54.95,3772.5,4175
Female,Yes,No,No,30,Yes,Yes,Fiber optic,No,Yes,Yes,No,Yes,Yes,Month-to-month,Yes,Electronic check,104.1,3121.1,5655
Male,Yes,No,No,53,No,No phone service,DSL,No,Yes,Yes,No,Yes,Yes,Month-to-month,Yes,Electronic check,54.45,2854.55,6280
Male,No,No,No,1,Yes,No,Fiber optic,No,No,No,No,No,No,Month-to-month,Yes,Mailed check,71.55,71.55,5739
Female,No,Yes,No,71,Yes,Yes,DSL,Yes,Yes,Yes,Yes,Yes,Yes,Two year,No,Electronic check,90.1,6310.9,5054
Male,Yes,No,No,37,No,No phone service,DSL,No,Yes,Yes,No,No,No,Month-to-month,No,Electronic check,36.65,1315.0,2494
Male,Yes,Yes,No,69,Yes,Yes,Fiber optic,Yes,No,Yes,Yes,Yes,Yes,One year,Yes,Mailed check,110.55,7610.1,4887
Male,No,Yes,No,16,Yes,No,Fiber optic,Yes,Yes,No,No,No,No,Month-to-month,No,Bank transfer (automatic),80.75,1321.3,2942
Male,No,No,No,1,Yes,No,No,No internet service,No internet service,No internet service,No internet service,No internet service,No internet service,Month-to-month,No,Electronic check,19.95,19.95,2051
Female,No,Yes,Yes,69,Yes,Yes,DSL,Yes,No,No,Yes,No,No,Two year,No,Credit card (automatic),61.4,4059.85,5266
Male,No,Yes,No,21,Yes,Yes,Fiber optic,No,Yes,Yes,Yes,Yes,Yes,Month-to-month,Yes,Electronic check,111.2,2317.1,4123
Male,No,No,No,61,Yes,Yes,Fiber optic,Yes,No,Yes,No,Yes,Yes,Month-to-month,Yes,Electronic check,106.45,6300.15,4842
Female,No,Yes,No,38,Yes,Yes,Fiber optic,No,No,Yes,Yes,Yes,Yes,Month-to-month,Yes,Electronic check,105.0,4026.4,2341
Male,No,No,No,1,Yes,No,No,No internet service,No internet service,No internet service,No internet service,No internet service,No internet service,Month-to-month,No,Mailed check,19.1,19.1,2091
Female,No,Yes,No,23,Yes,Yes,DSL,No,No,No,Yes,Yes,Yes,Month-to-month,Yes,Credit card (automatic),73.65,1642.75,2590
Male,No,No,No,4,Yes,Yes,DSL,No,No,No,No,No,No,Month-to-month,No,Mailed check,50.4,206.6,4399
Female,No,Yes,Yes,6,Yes,No,DSL,No,No,No,No,Yes,No,Month-to-month,No,Electronic check,54.85,355.1,5729
Female,No,No,Yes,19,Yes,Yes,DSL,Yes,Yes,No,Yes,Yes,No,Month-to-month,Yes,Mailed check,75.9,1375.6,4198
Male,No,Yes,No,64,Yes,No,DSL,Yes,No,Yes,Yes,Yes,No,Two year,No,Mailed check,69.25,4447.75,4226
Male,No,Yes,No,62,Yes,Yes,No,No internet service,No internet service,No internet service,No internet service,No internet service,No internet service,One year,Yes,Credit card (automatic),23.75,1446.8,4811
Male,No,No,No,1,Yes,Yes,Fiber optic,Yes,No,No,No,No,No,Month-to-month,Yes,Electronic check,81.7,81.7,5574
Female,No,Yes,Yes,1,No,No phone service,DSL,Yes,No,No,No,No,No,Month-to-month,No,Bank transfer (automatic),30.5,30.5,5171
Male,No,No,No,8,No,No phone service,DSL,Yes,No,No,No,No,No,Month-to-month,No,Mailed check,29.35,216.45,5369
Female,No,Yes,No,72,Yes,Yes,Fiber optic,Yes,Yes,Yes,Yes,Yes,Yes,Two year,Yes,Credit card (automatic),113.65,8124.2,6469
Male,No,No,No,11,Yes,No,DSL,No,Yes,Yes,Yes,No,No,Month-to-month,Yes,Electronic check,60.9,688.5,2726
Female,No,Yes,Yes,25,Yes,No,No,No internet service,No internet service,No internet service,No internet service,No internet service,No internet service,Two year,No,Mailed check,20.1,486.05,5306
Male,Yes,Yes,No,26,Yes,Yes,Fiber optic,No,Yes,Yes,No,Yes,Yes,Month-to-month,No,Electronic check,105.75,2710.25,3157
Female,No,Yes,Yes,17,Yes,No,DSL,Yes,Yes,No,No,Yes,Yes,Month-to-month,No,Mailed check,74.55,1215.8,4451
Female,No,No,No,11,Yes,No,DSL,No,No,No,No,No,No,Month-to-month,Yes,Mailed check,44.65,472.25,4492
Female,No,No,No,68,Yes,No,No,No internet service,No internet service,No internet service,No internet service,No internet service,No internet service,Two year,No,Credit card (automatic),20.5,1424.9,4201
Male,No,No,No,59,Yes,Yes,Fiber optic,No,Yes,Yes,Yes,Yes,Yes,Month-to-month,Yes,Electronic check,111.35,6519.75,6047
Male,No,No,No,9,No,No phone service,DSL,Yes,No,Yes,Yes,No,Yes,One year,No,Mailed check,50.8,463.6,5535
Male,Yes,No,No,2,Yes,Yes,Fiber optic,No,No,No,No,No,No,Month-to-month,Yes,Mailed check,72.6,154.3,5098
Female,No,Yes,No,47,Yes,No,Fiber optic,No,No,Yes,No,No,Yes,Month-to-month,Yes,Electronic check,85.3,4045.65,3631
Male,Yes,No,No,33,No,No phone service,DSL,No,No,Yes,Yes,Yes,Yes,Month-to-month,Yes,Electronic check,54.6,1803.7,5322
Male,No,Yes,Yes,46,Yes,No,No,No internet service,No internet service,No internet service,No internet service,No internet service,No internet service,Two year,No,Credit card (automatic),19.95,862.4,3574
Female,No,Yes,Yes,65,Yes,Yes,Fiber optic,No,Yes,Yes,Yes,Yes,Yes,Two year,Yes,Credit card (automatic),110.8,7245.9,6332
Female,No,Yes,Yes,48,No,No phone service,DSL,No,No,No,Yes,No,No,Month-to-month,Yes,Credit card (automatic),29.5,1423.05,3194
Male,No,No,No,2,Yes,No,DSL,No,No,No,No,No,No,Month-to-month,Yes,Credit card (automatic),46.0,84.5,2667
Female,No,No,No,1,Yes,No,Fiber optic,No,No,Yes,No,No,No,Month-to-month,Yes,Mailed check,74.6,74.6,3860
Male,No,No,Yes,1,Yes,No,DSL,No,No,Yes,No,No,No,Month-to-month,Yes,Electronic check,49.85,49.85,5323
Female,No,No,No,26,Yes,Yes,Fiber optic,No,No,Yes,No,No,No,Month-to-month,Yes,Electronic check,80.7,2193.0,4501
Female,No,Yes,Yes,16,Yes,No,No,No internet service,No internet service,No internet service,No internet service,No internet service,No internet service,Month-to-month,No,Electronic check,20.4,321.4,3990
Female,No,Yes,No,49,Yes,Yes,Fiber optic,Yes,Yes,Yes,Yes,No,Yes,Two year,No,Credit card (automatic),106.65,5174.35,5948
Male,No,No,No,32,Yes,No,No,No internet service,No internet service,No internet service,No internet service,No internet service,No internet service,One year,No,Credit card (automatic),20.35,707.5,2433
Male,No,No,No,29,Yes,No,No,No internet service,No internet service,No internet service,No internet service,No internet service,No internet service,One year,Yes,Mailed check,19.8,572.2,5696
Male,No,No,No,2,No,No phone service,DSL,No,No,No,No,No,No,Month-to-month,No,Mailed check,24.3,38.45,2515
Female,Yes,Yes,No,70,Yes,Yes,Fiber optic,Yes,No,No,No,No,Yes,Month-to-month,Yes,Electronic check,90.85,6470.1,5129
Male,Yes,Yes,No,51,Yes,Yes,Fiber optic,Yes,No,Yes,No,No,Yes,One year,Yes,Bank transfer (automatic),93.65,4839.15,4163
Male,Yes,Yes,No,55,Yes,Yes,DSL,Yes,Yes,No,No,No,No,One year,No,Credit card (automatic),60.0,3316.1,4212
Male,Yes,No,No,5,Yes,Yes,Fiber optic,No,Yes,No,No,No,Yes,Month-to-month,Yes,Electronic check,89.8,502.6,2960
Female,No,Yes,No,69,Yes,Yes,No,No internet service,No internet service,No internet service,No internet service,No internet service,No internet service,Two year,Yes,Credit card (automatic),24.95,1718.35,4106
Male,No,Yes,No,14,Yes,No,DSL,No,No,Yes,No,No,No,Month-to-month,No,Credit card (automatic),50.2,668.85,4253
Female,No,Yes,No,72,Yes,Yes,Fiber optic,No,Yes,Yes,No,Yes,Yes,One year,Yes,Electronic check,101.35,7323.15,4497
Female,No,Yes,No,71,No,No phone service,DSL,No,Yes,Yes,Yes,Yes,Yes,Two year,Yes,Credit card (automatic),61.4,4310.35,5119
Female,No,No,No,41,Yes,No,No,No internet service,No internet service,No internet service,No internet service,No internet service,No internet service,Month-to-month,No,Electronic check,20.45,775.6,2839
Female,No,No,Yes,26,No,No phone service,DSL,Yes,No,No,Yes,No,Yes,Month-to-month,No,Mailed check,45.8,1147.0,3287
Female,No,No,No,29,Yes,No,Fiber optic,No,No,No,No,Yes,No,Month-to-month,Yes,Electronic check,78.9,2384.15,3249
Female,Yes,Yes,Yes,55,Yes,Yes,DSL,Yes,No,Yes,Yes,Yes,No,One year,No,Electronic check,76.25,4154.55,4319
Female,No,Yes,Yes,39,Yes,No,DSL,Yes,No,No,No,No,No,Month-to-month,No,Credit card (automatic),51.05,2066.0,3154
Male,No,No,No,21,Yes,Yes,Fiber optic,No,Yes,No,No,No,No,Month-to-month,Yes,Electronic check,82.35,1852.85,2902
Female,No,Yes,No,48,No,No phone service,DSL,No,Yes,Yes,No,No,No,One year,No,Mailed check,34.7,1604.5,5995
Female,No,Yes,Yes,71,No,No phone service,DSL,Yes,Yes,No,Yes,Yes,Yes,Two year,No,Bank transfer (automatic),59.7,4122.65,6420
Female,No,No,No,13,Yes,Yes,DSL,Yes,Yes,Yes,Yes,Yes,Yes,Two year,No,Credit card (automatic),88.95,1161.75,5407
Female,No,No,No,4,Yes,No,No,No internet service,No internet service,No internet service,No internet service,No internet service,No internet service,Month-to-month,No,Mailed check,20.15,84.5,5535
Female,No,No,No,70,Yes,Yes,Fiber optic,Yes,Yes,Yes,Yes,Yes,Yes,Two year,Yes,Credit card (automatic),111.95,7795.95,4182
Female,No,No,No,42,Yes,No,DSL,Yes,Yes,Yes,Yes,No,Yes,One year,No,Credit card (automatic),73.9,3160.55,2774
Female,No,No,No,2,Yes,No,No,No internet service,No internet service,No internet service,No internet service,No internet service,No internet service,Month-to-month,Yes,Bank transfer (automatic),20.7,39.85,2107
Female,No,No,No,13,Yes,No,No,No internet service,No internet service,No internet service,No internet service,No internet service,No internet service,Two year,Yes,Mailed check,20.4,261.3,4883
Female,No,Yes,Yes,6,Yes,No,DSL,No,No,No,No,No,No,Month-to-month,No,Mailed check,45.5,285.2,5450
Female,No,No,No,1,Yes,No,Fiber optic,No,No,No,No,No,No,Month-to-month,No,Mailed check,71.1,71.1,5824
Female,No,Yes,No,29,Yes,No,No,No internet service,No internet service,No internet service,No internet service,No internet service,No internet service,Month-to-month,No,Mailed check,19.85,573.05,2712
Male,No,No,No,59,No,No phone service,DSL,No,No,No,Yes,Yes,Yes,Month-to-month,Yes,Electronic check,51.7,3005.8,6107
Female,No,No,Yes,65,No,No phone service,DSL,No,Yes,No,Yes,Yes,No,Two year,No,Mailed check,45.25,2933.95,5712
Male,No,Yes,No,71,Yes,Yes,DSL,Yes,Yes,Yes,Yes,Yes,Yes,Two year,No,Electronic check,90.4,6668.05,5633
Male,No,No,No,51,Yes,Yes,Fiber optic,No,No,No,No,No,Yes,Month-to-month,No,Bank transfer (automatic),83.4,4149.45,4191
Female,No,Yes,No,18,Yes,No,No,No internet service,No internet service,No internet service,No internet service,No internet service,No internet service,Two year,No,Mailed check,20.1,370.5,4329
Female,No,No,No,16,No,No phone service,DSL,Yes,No,No,No,Yes,No,Month-to-month,Yes,Electronic check,38.9,664.4,3300
Female,No,No,Yes,34,Yes,Yes,Fiber optic,Yes,Yes,Yes,Yes,Yes,Yes,Two year,Yes,Credit card (automatic),116.15,3946.9,5104
Female,No,No,No,17,Yes,Yes,Fiber optic,No,No,Yes,No,No,No,Month-to-month,No,Bank transfer (automatic),80.05,1345.65,3443
Male,No,Yes,Yes,31,No,No phone service,DSL,Yes,No,Yes,Yes,Yes,Yes,One year,No,Electronic check,59.95,1848.8,4337
Male,No,Yes,Yes,28,Yes,Yes,Fiber optic,No,No,No,No,Yes,Yes,One year,No,Bank transfer (automatic),92.2,2568.15,5116
Male,No,Yes,Yes,53,Yes,No,Fiber optic,No,Yes,No,Yes,Yes,No,Month-to-month,Yes,Electronic check,92.55,4779.45,4700
Female,No,No,No,60,Yes,Yes,DSL,Yes,No,Yes,Yes,No,No,One year,No,Electronic check,64.75,4039.5,6408
Male,No,Yes,No,23,Yes,Yes,DSL,No,No,No,No,No,No,One year,Yes,Credit card (automatic),48.35,1067.15,4580
Male,No,Yes,No,69,Yes,Yes,Fiber optic,Yes,Yes,Yes,Yes,No,Yes,One year,Yes,Credit card (automatic),107.2,7317.1,5935
Male,No,No,No,25,Yes,No,No,No internet service,No internet service,No internet service,No internet service,No internet service,No internet service,Two year,Yes,Mailed check,20.75,499.4,5161
Male,No,No,No,49,Yes,Yes,Fiber optic,No,Yes,No,No,Yes,Yes,Month-to-month,No,Electronic check,98.7,4920.55,6148
Male,Yes,No,No,55,Yes,Yes,Fiber optic,Yes,No,No,No,Yes,Yes,Month-to-month,Yes,Electronic check,98.8,5617.75,5543
Female,Yes,Yes,No,16,Yes,Yes,Fiber optic,No,No,No,No,No,Yes,Month-to-month,Yes,Credit card (automatic),85.35,1375.15,5769
Female,No,No,No,62,Yes,Yes,Fiber optic,No,No,No,No,Yes,Yes,One year,Yes,Bank transfer (automatic),94.0,5757.2,4778
Female,No,Yes,No,58,Yes,Yes,Fiber optic,Yes,Yes,No,No,No,Yes,Month-to-month,Yes,Bank transfer (automatic),93.4,5435.6,5989
Female,No,Yes,Yes,69,Yes,No,No,No internet service,No internet service,No internet service,No internet service,No internet service,No internet service,Two year,No,Mailed check,19.4,1346.2,6408
Male,No,Yes,No,1,Yes,No,Fiber optic,No,No,Yes,No,No,No,Month-to-month,No,Electronic check,76.2,76.2,5973
Female,No,No,No,27,Yes,No,DSL,No,Yes,No,Yes,No,No,Month-to-month,Yes,Mailed check,56.15,1439.35,3056
Male,Yes,No,No,49,Yes,Yes,DSL,Yes,Yes,Yes,Yes,No,Yes,Two year,No,Credit card (automatic),81.35,4060.9,4537
Female,No,No,No,1,Yes,No,Fiber optic,No,No,Yes,No,Yes,No,Month-to-month,Yes,Electronic check,85.45,85.45,4931
Male,No,No,No,65,Yes,Yes,No,No internet service,No internet service,No internet service,No internet service,No internet service,No internet service,One year,No,Credit card (automatic),24.8,1600.95,5826
Female,No,No,No,39,Yes,Yes,Fiber optic,No,Yes,Yes,No,Yes,Yes,Month-to-month,Yes,Electronic check,103.45,3994.45,4811
Male,No,Yes,No,43,Yes,No,Fiber optic,Yes,Yes,Yes,No,No,No,Month-to-month,Yes,Credit card (automatic),86.1,3551.65,2358
Female,No,Yes,No,20,No,No phone service,DSL,No,No,No,No,No,No,Month-to-month,Yes,Electronic check,24.45,482.8,3298
Male,No,Yes,No,12,Yes,No,Fiber optic,No,Yes,No,No,No,Yes,Month-to-month,Yes,Credit card (automatic),85.05,999.8,2540
Male,No,No,Yes,6,Yes,No,No,No internet service,No internet service,No internet service,No internet service,No internet service,No internet service,Month-to-month,No,Mailed check,19.65,100.9,2231
Female,No,No,No,68,Yes,Yes,No,No internet service,No internet service,No internet service,No internet service,No internet service,No internet service,Two year,No,Bank transfer (automatic),25.5,1821.8,5182
Female,No,Yes,No,47,Yes,No,DSL,Yes,No,Yes,No,Yes,No,One year,Yes,Credit card (automatic),66.05,3021.45,3404
Male,No,Yes,Yes,62,Yes,Yes,Fiber optic,Yes,Yes,Yes,Yes,Yes,Yes,Two year,No,Bank transfer (automatic),115.55,7159.05,6349
Female,No,Yes,No,56,Yes,No,Fiber optic,No,No,Yes,Yes,Yes,Yes,Month-to-month,Yes,Electronic check,98.7,5669.5,5141
Female,No,Yes,No,17,Yes,No,No,No internet service,No internet service,No internet service,No internet service,No internet service,No internet service,One year,No,Mailed check,19.35,307.0,2185
Female,No,No,No,35,Yes,Yes,Fiber optic,No,No,No,Yes,No,No,Month-to-month,No,Credit card (automatic),80.05,2835.9,3999
Female,Yes,Yes,No,2,Yes,Yes,Fiber optic,No,No,Yes,No,No,No,Month-to-month,No,Electronic check,79.2,172.85,4225
Female,No,Yes,No,1,No,No phone service,DSL,No,No,No,No,No,Yes,Month-to-month,No,Electronic check,35.0,35.0,4099
Female,No,Yes,No,48,Yes,Yes,Fiber optic,Yes,Yes,No,No,Yes,Yes,One year,Yes,Credit card (automatic),103.25,5037.55,4736
Female,No,No,No,45,Yes,Yes,Fiber optic,No,No,Yes,No,No,Yes,Month-to-month,Yes,Credit card (automatic),89.3,4192.15,5470
Male,No,Yes,Yes,70,Yes,Yes,DSL,Yes,Yes,Yes,Yes,Yes,Yes,Two year,Yes,Credit card (automatic),90.15,6237.05,5824
Male,No,No,No,31,Yes,No,Fiber optic,No,Yes,No,Yes,No,No,Month-to-month,Yes,Electronic check,78.45,2435.15,3091
Male,No,No,No,59,Yes,Yes,No,No internet service,No internet service,No internet service,No internet service,No internet service,No internet service,Two year,No,Mailed check,25.0,1510.5,5537
Male,Yes,Yes,Yes,47,Yes,No,Fiber optic,No,Yes,No,No,Yes,No,One year,Yes,Bank transfer (automatic),84.95,4018.05,3384
Male,No,Yes,Yes,32,Yes,No,No,No internet service,No internet service,No internet service,No internet service,No internet service,No internet service,Two year,No,Mailed check,18.95,613.95,4735
Male,No,No,No,38,Yes,No,DSL,Yes,Yes,No,Yes,Yes,No,One year,No,Mailed check,70.6,2708.2,4993
Female,No,No,No,59,Yes,Yes,Fiber optic,No,Yes,Yes,No,No,No,Month-to-month,Yes,Electronic check,83.25,4949.1,4094
Male,No,No,No,27,Yes,Yes,Fiber optic,No,No,Yes,No,Yes,Yes,One year,Yes,Bank transfer (automatic),100.5,2673.45,5939
Female,No,Yes,No,58,Yes,Yes,Fiber optic,No,Yes,Yes,No,No,Yes,One year,Yes,Electronic check,94.3,5610.15,6166
Female,No,No,No,71,Yes,Yes,Fiber optic,Yes,Yes,Yes,Yes,Yes,Yes,Two year,No,Mailed check,111.3,7985.9,5957
Female,Yes,No,No,27,Yes,Yes,Fiber optic,No,Yes,Yes,No,No,No,Month-to-month,Yes,Bank transfer (automatic),86.45,2401.05,5990
Male,Yes,Yes,No,65,Yes,Yes,Fiber optic,No,Yes,Yes,No,Yes,Yes,One year,Yes,Bank transfer (automatic),103.15,6792.45,6441
Male,No,No,No,48,Yes,Yes,DSL,Yes,No,No,Yes,No,Yes,One year,Yes,Bank transfer (automatic),70.95,3629.2,2667
Female,No,No,No,28,Yes,No,Fiber optic,No,No,No,No,No,Yes,Month-to-month,Yes,Electronic check,80.6,2244.95,2951
Female,No,No,No,19,Yes,Yes,No,No internet service,No internet service,No internet service,No internet service,No internet service,No internet service,Month-to-month,No,Bank transfer (automatic),24.7,465.85,3612
Female,No,Yes,Yes,58,Yes,Yes,DSL,Yes,No,Yes,Yes,Yes,No,Two year,No,Mailed check,75.8,4415.75,4292
Female,No,No,No,53,Yes,No,Fiber optic,No,Yes,Yes,No,Yes,Yes,One year,Yes,Mailed check,100.3,5200.8,5377
Female,Yes,Yes,No,40,Yes,Yes,Fiber optic,No,No,No,No,Yes,Yes,Month-to-month,Yes,Credit card (automatic),94.55,3640.45,5676
Male,No,No,Yes,1,Yes,No,No,No internet service,No internet service,No internet service,No internet service,No internet service,No internet service,Month-to-month,No,Mailed check,19.25,19.25,5437
Male,No,No,No,40,Yes,Yes,Fiber optic,No,Yes,Yes,No,Yes,Yes,Month-to-month,Yes,Credit card (automatic),104.5,4036.85,2832
Male,No,Yes,No,61,Yes,Yes,No,No internet service,No internet service,No internet service,No internet service,No internet service,No internet service,Two year,No,Bank transfer (automatic),25.45,1538.6,6015
Male,Yes,Yes,No,66,Yes,Yes,Fiber optic,No,Yes,Yes,Yes,Yes,Yes,One year,Yes,Electronic check,110.85,7491.75,4281
Male,No,No,Yes,40,No,No phone service,DSL,Yes,Yes,No,Yes,No,No,One year,No,Mailed check,40.25,1564.05,4288
Male,No,No,No,15,Yes,Yes,Fiber optic,Yes,No,No,No,Yes,Yes,Month-to-month,Yes,Electronic check,99.7,1566.75,4157
Male,No,Yes,Yes,68,Yes,Yes,No,No internet service,No internet service,No internet service,No internet service,No internet service,No internet service,Two year,No,Mailed check,25.75,1686.15,5434
Male,Yes,Yes,No,12,Yes,No,Fiber optic,No,No,No,No,No,Yes,Month-to-month,Yes,Electronic check,80.45,950.2,5374
Female,No,No,No,1,Yes,No,No,No internet service,No internet service,No internet service,No internet service,No internet service,No internet service,Month-to-month,No,Credit card (automatic),19.4,19.4,5566
Female,No,Yes,Yes,8,Yes,No,No,No internet service,No internet service,No internet service,No internet service,No internet service,No internet service,Two year,No,Mailed check,19.5,162.15,3598
Female,No,No,No,40,Yes,No,Fiber optic,No,Yes,No,No,No,No,Month-to-month,No,Credit card (automatic),74.8,2971.7,3258
Male,Yes,Yes,No,72,Yes,Yes,Fiber optic,Yes,Yes,Yes,No,No,Yes,Two year,Yes,Credit card (automatic),102.65,7550.3,4680
Female,No,No,Yes,9,Yes,No,DSL,No,No,Yes,Yes,Yes,Yes,Month-to-month,Yes,Mailed check,72.9,651.4,3585
Female,No,No,No,15,Yes,No,DSL,Yes,No,Yes,Yes,No,No,Month-to-month,No,Electronic check,58.95,955.15,4497
Male,No,No,No,1,Yes,No,No,No internet service,No internet service,No internet service,No internet service,No internet service,No internet service,Month-to-month,No,Electronic check,19.45,19.45,5820
Female,No,No,No,33,Yes,Yes,Fiber optic,No,No,No,No,No,Yes,Month-to-month,Yes,Electronic check,83.35,2757.85,5456
Female,No,Yes,Yes,38,Yes,No,No,No internet service,No internet service,No internet service,No internet service,No internet service,No internet service,Two year,Yes,Mailed check,19.95,756.4,3614
Female,No,No,No,55,Yes,No,DSL,No,Yes,Yes,No,No,Yes,Two year,Yes,Mailed check,64.75,3617.1,4634
Female,No,Yes,Yes,65,Yes,Yes,DSL,No,Yes,No,Yes,Yes,Yes,Two year,Yes,Bank transfer (automatic),79.4,5071.9,4023
Female,No,Yes,No,4,Yes,No,DSL,Yes,Yes,No,No,No,No,Month-to-month,No,Mailed check,54.7,235.05,3475
Female,No,No,Yes,43,Yes,No,Fiber optic,Yes,Yes,No,Yes,Yes,Yes,One year,Yes,Credit card (automatic),106.0,4532.3,3528
Female,No,No,No,18,No,No phone service,DSL,No,No,Yes,Yes,No,No,Month-to-month,Yes,Electronic check,35.2,607.3,5381
Male,Yes,No,No,1,Yes,Yes,Fiber optic,No,No,No,No,Yes,Yes,Month-to-month,Yes,Electronic check,93.55,93.55,5536
Male,No,No,No,1,Yes,No,No,No internet service,No internet service,No internet service,No internet service,No internet service,No internet service,Month-to-month,No,Mailed check,18.9,18.9,4480
Male,No,Yes,No,3,Yes,No,Fiber optic,No,No,No,No,No,No,Month-to-month,Yes,Electronic check,70.3,208.85,3038
Female,No,Yes,No,41,Yes,No,No,No internet service,No internet service,No internet service,No internet service,No internet service,No internet service,Two year,No,Credit card (automatic),20.65,875.55,5062
Female,No,No,No,16,Yes,Yes,Fiber optic,No,No,Yes,No,No,Yes,Month-to-month,Yes,Electronic check,88.45,1422.1,5186
Female,No,No,No,5,Yes,No,Fiber optic,No,No,No,No,Yes,No,Month-to-month,No,Electronic check,80.2,384.25,3391
Male,No,No,No,56,Yes,Yes,Fiber optic,Yes,No,No,Yes,Yes,Yes,Month-to-month,Yes,Mailed check,105.35,5794.45,5680
Female,Yes,Yes,No,28,Yes,Yes,No,No internet service,No internet service,No internet service,No internet service,No internet service,No internet service,Month-to-month,No,Mailed check,25.7,734.6,3136
Female,No,Yes,No,54,Yes,No,No,No internet service,No internet service,No internet service,No internet service,No internet service,No internet service,Two year,No,Credit card (automatic),20.05,1102.4,4212
Male,No,No,No,1,Yes,No,No,No internet service,No internet service,No internet service,No internet service,No internet service,No internet service,Month-to-month,Yes,Mailed check,19.5,19.5,3753
Male,No,Yes,No,42,Yes,Yes,Fiber optic,No,No,Yes,Yes,Yes,Yes,One year,Yes,Electronic check,108.3,4586.15,5106
Male,No,No,No,66,Yes,No,Fiber optic,Yes,No,Yes,Yes,Yes,Yes,Two year,Yes,Bank transfer (automatic),105.65,6844.5,5097
Female,Yes,Yes,No,8,Yes,Yes,Fiber optic,No,No,No,No,No,Yes,Month-to-month,Yes,Electronic check,84.0,613.4,4819
Female,No,Yes,Yes,14,Yes,Yes,No,No internet service,No internet service,No internet service,No internet service,No internet service,No internet service,Month-to-month,No,Mailed check,25.55,372.45,2080
Female,No,No,No,43,No,No phone service,DSL,No,No,Yes,No,Yes,Yes,Month-to-month,Yes,Bank transfer (automatic),49.05,2076.2,4044
Female,No,Yes,No,70,No,No phone service,DSL,Yes,No,Yes,Yes,No,Yes,Two year,Yes,Bank transfer (automatic),49.85,3370.2,5460
Male,No,Yes,Yes,31,Yes,Yes,Fiber optic,Yes,No,Yes,Yes,No,No,Month-to-month,No,Electronic check,89.3,2823.0,2132
Male,No,Yes,No,72,Yes,Yes,Fiber optic,Yes,No,Yes,Yes,Yes,Yes,Two year,Yes,Credit card (automatic),111.9,8071.05,6437
Female,No,No,No,34,Yes,No,DSL,Yes,No,Yes,Yes,Yes,No,Two year,No,Credit card (automatic),67.65,2339.3,4263
Male,No,Yes,Yes,19,Yes,No,No,No internet service,No internet service,No internet service,No internet service,No internet service,No internet service,One year,No,Mailed check,19.8,344.5,4464
Female,No,Yes,No,53,Yes,No,Fiber optic,Yes,Yes,Yes,No,Yes,Yes,One year,Yes,Bank transfer (automatic),106.1,5769.75,4471
Female,No,Yes,Yes,3,No,No phone service,DSL,No,Yes,No,No,No,Yes,Month-to-month,No,Mailed check,40.3,92.5,5651
Male,No,No,No,13,Yes,No,Fiber optic,No,Yes,Yes,No,No,No,Month-to-month,Yes,Electronic check,79.8,973.45,5067
Male,No,Yes,No,24,Yes,No,DSL,Yes,No,No,Yes,Yes,Yes,One year,No,Bank transfer (automatic),74.4,1712.9,4310
Female,Yes,No,No,4,Yes,Yes,Fiber optic,No,No,Yes,No,No,Yes,Month-to-month,Yes,Electronic check,88.85,372.45,2754
Female,Yes,No,No,32,Yes,No,Fiber optic,No,No,No,No,No,Yes,Month-to-month,Yes,Electronic check,79.5,2665.0,3041
Female,No,No,No,39,No,No phone service,DSL,Yes,Yes,No,Yes,No,No,One year,Yes,Bank transfer (automatic),40.3,1630.4,3424
Male,No,Yes,No,72,Yes,Yes,Fiber optic,No,Yes,Yes,Yes,Yes,Yes,Two year,Yes,Credit card (automatic),109.75,7758.9,5791
Female,No,No,No,60,Yes,Yes,Fiber optic,No,Yes,Yes,No,Yes,Yes,Month-to-month,Yes,Electronic check,105.9,6396.45,4105
Female,No,No,Yes,4,Yes,Yes,No,No internet service,No internet service,No internet service,No internet service,No internet service,No internet service,Month-to-month,Yes,Mailed check,25.45,84.2,2616
Male,No,No,No,72,Yes,Yes,No,No internet service,No internet service,No internet service,No internet service,No internet service,No internet service,Two year,No,Bank transfer (automatic),24.75,1777.6,5398
Female,No,Yes,No,9,No,No phone service,DSL,No,No,Yes,No,Yes,Yes,Month-to-month,Yes,Electronic check,48.75,442.2,4359
Female,No,No,No,29,No,No phone service,DSL,Yes,Yes,No,Yes,No,No,One year,No,Credit card (automatic),39.5,1082.75,5103
Male,No,No,No,18,Yes,Yes,No,No internet service,No internet service,No internet service,No internet service,No internet service,No internet service,One year,No,Mailed check,23.75,424.5,3076
Female,Yes,Yes,No,72,Yes,Yes,DSL,Yes,Yes,Yes,Yes,Yes,Yes,Two year,Yes,Credit card (automatic),89.55,6448.85,4993
Male,No,No,No,2,Yes,No,No,No internet service,No internet service,No internet service,No internet service,No internet service,No internet service,Month-to-month,No,Mailed check,20.05,42.7,4394
Male,No,Yes,No,71,Yes,Yes,Fiber optic,Yes,Yes,Yes,No,Yes,Yes,One year,Yes,Electronic check,109.6,7854.15,4564
Male,No,Yes,No,8,Yes,No,No,No internet service,No internet service,No internet service,No internet service,No internet service,No internet service,Month-to-month,Yes,Bank transfer (automatic),19.55,161.15,4909
Female,Yes,Yes,No,72,Yes,Yes,DSL,Yes,Yes,Yes,Yes,Yes,Yes,Two year,Yes,Credit card (automatic),88.05,6425.65,6102
Male,No,Yes,No,71,Yes,No,DSL,Yes,No,Yes,Yes,No,Yes,Two year,Yes,Credit card (automatic),70.85,4973.4,5328
Male,No,No,No,44,Yes,No,Fiber optic,Yes,Yes,Yes,No,Yes,Yes,One year,Yes,Electronic check,106.05,4510.8,4588
Male,No,Yes,Yes,47,Yes,Yes,No,No internet service,No internet service,No internet service,No internet service,No internet service,No internet service,Two year,No,Mailed check,24.55,1160.45,3629
Female,Yes,No,No,27,Yes,Yes,Fiber optic,Yes,Yes,Yes,No,Yes,Yes,One year,Yes,Bank transfer (automatic),110.5,2857.6,4997
Male,No,No,No,1,Yes,No,DSL,Yes,No,No,No,No,No,Month-to-month,No,Electronic check,49.75,49.75,2908
Female,No,Yes,No,46,Yes,Yes,No,No internet service,No internet service,No internet service,No internet service,No internet service,No internet service,One year,No,Mailed check,24.95,1165.9,3979
Male,No,No,No,11,No,No phone service,DSL,No,Yes,Yes,No,No,No,Month-to-month,No,Mailed check,34.7,383.55,4310
Male,Yes,Yes,No,41,Yes,Yes,Fiber optic,No,No,Yes,No,Yes,Yes,Month-to-month,Yes,Electronic check,99.8,4259.3,4726
Female,No,Yes,No,69,Yes,No,DSL,No,Yes,No,No,No,Yes,Two year,Yes,Credit card (automatic),61.45,4131.2,4162
Male,No,No,No,13,Yes,No,No,No internet service,No internet service,No internet service,No internet service,No internet service,No internet service,One year,Yes,Electronic check,19.95,253.8,2252
Female,No,Yes,Yes,45,Yes,No,No,No internet service,No internet service,No internet service,No internet service,No internet service,No internet service,Two year,Yes,Bank transfer (automatic),20.0,886.4,5169
Male,No,No,No,24,Yes,Yes,No,No internet service,No internet service,No internet service,No internet service,No internet service,No internet service,One year,No,Electronic check,24.6,592.65,5448
Male,No,No,No,65,Yes,Yes,No,No internet service,No internet service,No internet service,No internet service,No internet service,No internet service,Two year,No,Mailed check,25.75,1654.75,5707
Female,Yes,Yes,No,1,Yes,No,DSL,Yes,No,No,No,No,No,Month-to-month,Yes,Electronic check,49.55,49.55,4989
Male,No,Yes,No,51,Yes,No,DSL,Yes,No,No,Yes,Yes,Yes,One year,Yes,Bank transfer (automatic),76.4,3966.3,6385
Female,No,No,No,11,Yes,No,No,No internet service,No internet service,No internet service,No internet service,No internet service,No internet service,One year,No,Mailed check,20.0,211.95,3731
Female,No,No,No,5,Yes,No,Fiber optic,No,Yes,No,No,Yes,Yes,Month-to-month,Yes,Electronic check,96.25,512.45,5056
Male,No,No,No,8,Yes,No,No,No internet service,No internet service,No internet service,No internet service,No internet service,No internet service,Month-to-month,Yes,Bank transfer (automatic),19.7,168.9,5498
Male,No,Yes,No,71,Yes,Yes,DSL,Yes,Yes,Yes,Yes,No,Yes,Two year,No,Credit card (automatic),80.4,5727.15,5228
Female,No,No,No,15,Yes,No,Fiber optic,No,No,Yes,No,Yes,Yes,Month-to-month,Yes,Credit card (automatic),94.0,1505.45,4521
Female,No,Yes,No,28,Yes,No,No,No internet service,No internet service,No internet service,No internet service,No internet service,No internet service,Month-to-month,No,Mailed check,20.5,563.05,5145
Female,No,No,No,16,Yes,Yes,Fiber optic,No,No,No,No,No,No,Month-to-month,Yes,Credit card (automatic),74.75,1129.35,3574
Male,No,Yes,Yes,53,Yes,Yes,DSL,Yes,Yes,No,Yes,No,No,One year,No,Bank transfer (automatic),64.15,3491.55,5570
Female,No,Yes,Yes,14,Yes,No,DSL,Yes,Yes,No,Yes,No,No,Month-to-month,No,Bank transfer (automatic),59.45,780.85,5723
Female,No,No,No,49,Yes,No,Fiber optic,No,No,Yes,Yes,Yes,Yes,Two year,No,Credit card (automatic),100.65,4917.75,5499
Female,No,Yes,No,71,No,No phone service,DSL,No,No,Yes,Yes,No,Yes,Two year,Yes,Electronic check,47.05,3263.6,6302
Female,No,Yes,Yes,45,Yes,No,No,No internet service,No internet service,No internet service,No internet service,No internet service,No internet service,Two year,No,Mailed check,20.85,892.15,2844
Female,No,Yes,No,53,Yes,Yes,Fiber optic,No,Yes,No,No,Yes,Yes,Month-to-month,Yes,Credit card (automatic),98.4,5149.5,6481
Female,No,No,No,26,No,No phone service,DSL,No,No,Yes,Yes,Yes,No,Month-to-month,Yes,Credit card (automatic),44.45,1183.8,3080
Female,No,Yes,No,67,Yes,Yes,DSL,No,Yes,Yes,Yes,Yes,Yes,Two year,No,Bank transfer (automatic),86.15,5883.85,5037
Female,No,Yes,No,2,Yes,Yes,Fiber optic,No,No,No,No,Yes,No,Month-to-month,Yes,Electronic check,84.05,134.05,2115
Female,Yes,No,No,17,Yes,Yes,Fiber optic,No,No,Yes,No,No,No,Month-to-month,Yes,Credit card (automatic),82.65,1470.05,3754
Female,Yes,No,No,13,Yes,Yes,Fiber optic,No,No,No,No,No,Yes,Month-to-month,Yes,Electronic check,82.0,1127.2,3363
Male,No,No,No,71,Yes,Yes,Fiber optic,Yes,No,Yes,No,Yes,Yes,Two year,No,Bank transfer (automatic),106.7,7382.25,4479
Female,No,Yes,No,68,Yes,Yes,DSL,Yes,No,No,Yes,No,No,One year,No,Bank transfer (automatic),58.25,3975.7,4620
Male,No,Yes,Yes,1,Yes,No,No,No internet service,No internet service,No internet service,No internet service,No internet service,No internet service,Month-to-month,No,Mailed check,19.7,19.7,2004
Male,No,No,Yes,10,Yes,No,No,No internet service,No internet service,No internet service,No internet service,No internet service,No internet service,One year,Yes,Bank transfer (automatic),19.95,219.5,3044
Female,No,Yes,Yes,41,Yes,No,DSL,Yes,Yes,No,Yes,Yes,Yes,Two year,No,Electronic check,78.45,3126.45,5468
Female,Yes,Yes,No,31,No,No phone service,DSL,Yes,Yes,Yes,No,No,Yes,One year,Yes,Credit card (automatic),50.4,1580.1,2166
Male,No,No,No,11,Yes,No,DSL,No,No,Yes,No,Yes,Yes,Month-to-month,Yes,Electronic check,69.35,712.25,2288
Male,No,No,No,1,Yes,Yes,No,No internet service,No internet service,No internet service,No internet service,No internet service,No internet service,Month-to-month,Yes,Mailed check,25.0,25.0,2371
Male,No,No,Yes,22,Yes,No,No,No internet service,No internet service,No internet service,No internet service,No internet service,No internet service,Month-to-month,No,Credit card (automatic),20.15,432.5,2722
Male,No,No,No,57,Yes,Yes,Fiber optic,No,No,No,Yes,Yes,No,Two year,Yes,Credit card (automatic),90.45,5229.8,5076
Female,No,Yes,No,12,Yes,No,DSL,No,Yes,No,No,No,No,Month-to-month,Yes,Electronic check,51.25,612.1,3097
Female,No,No,No,67,Yes,Yes,No,No internet service,No internet service,No internet service,No internet service,No internet service,No internet service,Two year,Yes,Bank transfer (automatic),25.6,1790.35,5183
Male,No,Yes,No,29,No,No phone service,DSL,No,No,No,No,Yes,No,Month-to-month,No,Mailed check,33.75,1009.25,3664
Male,No,Yes,Yes,4,Yes,No,No,No internet service,No internet service,No internet service,No internet service,No internet service,No internet service,Month-to-month,Yes,Mailed check,20.5,77.6,5053
Female,No,No,No,25,No,No phone service,DSL,No,No,Yes,No,Yes,Yes,Month-to-month,Yes,Electronic check,48.25,1293.8,4284
Female,No,Yes,Yes,72,No,No phone service,DSL,Yes,Yes,Yes,Yes,No,Yes,Two year,No,Credit card (automatic),55.65,3880.05,5192
Male,No,Yes,Yes,72,Yes,Yes,DSL,Yes,Yes,Yes,Yes,Yes,Yes,Two year,Yes,Mailed check,89.4,6376.55,6044
Female,No,No,No,9,No,No phone service,DSL,No,Yes,No,No,No,Yes,Month-to-month,No,Electronic check,40.75,359.4,2973
Male,No,Yes,Yes,53,Yes,Yes,DSL,Yes,Yes,No,No,No,Yes,Two year,No,Bank transfer (automatic),69.7,3686.05,4975
Female,No,Yes,No,68,Yes,Yes,Fiber optic,Yes,Yes,Yes,No,Yes,Yes,Two year,Yes,Bank transfer (automatic),110.8,7553.6,4545
Male,Yes,No,No,57,Yes,No,DSL,No,No,Yes,Yes,No,No,One year,Yes,Electronic check,53.5,3035.8,5521
Female,No,Yes,Yes,15,Yes,Yes,No,No internet service,No internet service,No internet service,No internet service,No internet service,No internet service,Month-to-month,Yes,Electronic check,25.25,394.85,4667
Female,No,Yes,Yes,23,Yes,No,No,No internet service,No internet service,No internet service,No internet service,No internet service,No internet service,Two year,Yes,Mailed check,19.65,451.55,4896
Male,No,Yes,Yes,12,Yes,Yes,No,No internet service,No internet service,No internet service,No internet service,No internet service,No internet service,Two year,Yes,Bank transfer (automatic),24.0,269.65,3705
Male,No,Yes,No,35,No,No phone service,DSL,Yes,No,Yes,No,Yes,Yes,One year,No,Credit card (automatic),53.15,1930.9,5638
Female,No,Yes,No,19,Yes,Yes,Fiber optic,No,No,Yes,No,No,Yes,Month-to-month,No,Mailed check,89.65,1761.05,3046
Male,No,No,Yes,8,Yes,Yes,Fiber optic,No,No,No,No,No,Yes,Month-to-month,No,Bank transfer (automatic),84.5,662.65,2152
Male,No,No,No,53,Yes,No,No,No internet service,No internet service,No internet service,No internet service,No internet service,No internet service,Two year,No,Bank transfer (automatic),19.65,978.0,5878
Male,No,No,No,13,Yes,No,No,No internet service,No internet service,No internet service,No internet service,No internet service,No internet service,Month-to-month,Yes,Electronic check,20.4,251.65,2486
Female,Yes,No,No,1,Yes,No,Fiber optic,No,No,Yes,No,No,No,Month-to-month,Yes,Bank transfer (automatic),75.3,75.3,4902
Female,No,Yes,Yes,23,Yes,Yes,Fiber optic,No,No,No,No,No,Yes,Month-to-month,No,Electronic check,85.6,1868.4,3513
Female,Yes,No,No,14,No,No phone service,DSL,No,No,No,No,Yes,Yes,Month-to-month,Yes,Electronic check,46.35,672.7,2056
Male,No,No,No,30,Yes,No,DSL,Yes,No,Yes,No,No,No,Two year,Yes,Mailed check,55.65,1653.85,5445
Female,No,Yes,No,8,Yes,No,No,No internet service,No internet service,No internet service,No internet service,No internet service,No internet service,Two year,Yes,Mailed check,19.85,146.6,3260
Male,No,No,No,16,Yes,Yes,DSL,No,Yes,Yes,No,No,Yes,Month-to-month,Yes,Bank transfer (automatic),71.4,1212.1,3360
Male,Yes,Yes,No,58,Yes,Yes,Fiber optic,No,Yes,No,No,Yes,Yes,Month-to-month,Yes,Electronic check,98.9,5780.7,4993
Male,No,No,No,7,Yes,Yes,Fiber optic,No,Yes,No,No,Yes,Yes,Month-to-month,Yes,Electronic check,99.8,673.25,2031
Female,Yes,No,No,6,Yes,Yes,Fiber optic,No,Yes,No,No,Yes,Yes,Month-to-month,Yes,Electronic check,98.25,560.6,3330
Female,No,Yes,No,71,Yes,No,DSL,Yes,No,Yes,Yes,Yes,Yes,Two year,No,Bank transfer (automatic),81.85,5924.4,4090
Male,No,No,No,1,Yes,No,DSL,No,No,No,No,No,No,Month-to-month,Yes,Mailed check,44.9,44.9,2451
Male,No,Yes,No,57,Yes,Yes,Fiber optic,Yes,Yes,Yes,Yes,Yes,No,Month-to-month,Yes,Electronic check,103.05,5925.75,5586
Female,No,No,No,1,Yes,No,No,No internet service,No internet service,No internet service,No internet service,No internet service,No internet service,Month-to-month,No,Electronic check,19.3,19.3,3236
Female,No,No,No,23,Yes,No,No,No internet service,No internet service,No internet service,No internet service,No internet service,No internet service,Month-to-month,Yes,Bank transfer (automatic),20.3,470.6,3630
Female,No,No,No,39,Yes,No,DSL,No,Yes,No,No,Yes,No,One year,Yes,Credit card (automatic),58.6,2224.5,5662
Male,No,No,No,47,Yes,Yes,Fiber optic,Yes,Yes,No,Yes,Yes,No,Month-to-month,No,Mailed check,100.75,4669.2,2508
Male,Yes,Yes,No,11,Yes,No,No,No internet service,No internet service,No internet service,No internet service,No internet service,No internet service,Month-to-month,No,Mailed check,19.95,214.75,5888
Female,No,No,Yes,41,Yes,Yes,Fiber optic,No,Yes,No,No,Yes,No,Month-to-month,Yes,Bank transfer (automatic),88.5,3645.05,5984
Female,No,No,No,3,Yes,No,DSL,Yes,Yes,No,Yes,No,Yes,Two year,No,Mailed check,71.1,213.35,3501
Male,No,No,No,29,Yes,No,DSL,No,No,Yes,Yes,Yes,Yes,One year,Yes,Bank transfer (automatic),75.35,2243.9,4422
Female,No,Yes,Yes,69,Yes,Yes,Fiber optic,Yes,Yes,Yes,Yes,Yes,No,One year,Yes,Credit card (automatic),105.1,7234.8,4686
Female,Yes,No,No,38,Yes,No,DSL,Yes,Yes,No,No,No,No,Month-to-month,Yes,Credit card (automatic),57.15,2250.65,3110
Male,No,Yes,No,16,Yes,Yes,Fiber optic,No,No,No,No,No,No,Month-to-month,Yes,Bank transfer (automatic),73.85,1284.2,3226
Female,No,Yes,No,43,Yes,No,DSL,Yes,No,Yes,Yes,Yes,Yes,Two year,Yes,Electronic check,78.8,3460.3,3972
Female,No,No,No,6,No,No phone service,DSL,No,No,No,Yes,Yes,Yes,One year,Yes,Mailed check,49.25,255.6,2979
Female,No,Yes,No,25,Yes,Yes,No,No internet service,No internet service,No internet service,No internet service,No internet service,No internet service,One year,Yes,Mailed check,26.8,733.55,3428
Female,No,No,No,1,Yes,No,Fiber optic,No,No,No,No,No,No,Month-to-month,Yes,Mailed check,70.15,70.15,5773
Male,Yes,Yes,No,41,Yes,No,Fiber optic,No,Yes,No,No,Yes,Yes,Month-to-month,Yes,Electronic check,94.55,3851.45,4914
Male,No,No,No,45,Yes,Yes,Fiber optic,No,No,Yes,Yes,Yes,Yes,Month-to-month,Yes,Bank transfer (automatic),103.65,4747.85,2183
Female,No,No,No,5,Yes,No,Fiber optic,No,Yes,No,No,Yes,No,Month-to-month,Yes,Mailed check,85.3,420.45,2689
Female,No,Yes,No,45,Yes,Yes,Fiber optic,Yes,Yes,Yes,Yes,Yes,Yes,One year,No,Mailed check,113.3,5032.25,4885
Female,Yes,Yes,No,44,Yes,Yes,Fiber optic,No,No,Yes,Yes,Yes,Yes,Month-to-month,No,Electronic check,104.15,4495.65,2944
Female,No,Yes,No,61,Yes,No,DSL,No,No,Yes,Yes,Yes,Yes,Two year,Yes,Bank transfer (automatic),73.8,4616.05,6301
Male,No,Yes,Yes,52,Yes,Yes,Fiber optic,No,Yes,No,Yes,No,Yes,Month-to-month,Yes,Bank transfer (automatic),93.25,4631.7,4740
Female,No,No,No,6,Yes,Yes,Fiber optic,Yes,No,No,No,No,No,Month-to-month,Yes,Electronic check,79.05,434.5,3263
Male,Yes,Yes,Yes,64,Yes,Yes,No,No internet service,No internet service,No internet service,No internet service,No internet service,No internet service,Two year,Yes,Bank transfer (automatic),24.4,1548.65,4772
Female,No,Yes,Yes,19,Yes,No,No,No internet service,No internet service,No internet service,No internet service,No internet service,No internet service,Two year,No,Mailed check,20.15,387.7,4246
Male,Yes,No,No,71,Yes,Yes,Fiber optic,No,Yes,No,Yes,Yes,Yes,One year,No,Bank transfer (automatic),105.75,7382.85,4921
Male,No,Yes,No,45,Yes,Yes,Fiber optic,No,Yes,No,No,No,No,Month-to-month,No,Bank transfer (automatic),81.4,3775.85,5602
Male,Yes,Yes,No,50,Yes,Yes,Fiber optic,Yes,Yes,Yes,No,Yes,No,One year,Yes,Bank transfer (automatic),101.9,5265.5,4184
Female,No,Yes,No,68,Yes,Yes,Fiber optic,Yes,Yes,Yes,Yes,Yes,Yes,Two year,No,Mailed check,118.6,7990.05,4175
Male,Yes,No,No,1,Yes,No,Fiber optic,No,No,No,No,No,No,Month-to-month,Yes,Electronic check,69.65,69.65,5844
Female,Yes,No,No,12,Yes,Yes,Fiber optic,No,Yes,No,No,Yes,No,Month-to-month,Yes,Electronic check,91.3,1094.5,4703
Female,No,No,No,33,Yes,Yes,Fiber optic,Yes,No,No,No,No,Yes,Month-to-month,Yes,Electronic check,90.65,2989.6,4460
Female,Yes,Yes,Yes,32,Yes,Yes,Fiber optic,No,No,Yes,No,Yes,No,Month-to-month,Yes,Mailed check,91.35,2896.55,2965
Male,No,Yes,Yes,71,Yes,No,No,No internet service,No internet service,No internet service,No internet service,No internet service,No internet service,Two year,Yes,Bank transfer (automatic),19.6,1387.45,6444
Female,Yes,Yes,No,17,Yes,Yes,Fiber optic,No,No,No,No,Yes,Yes,Month-to-month,Yes,Electronic check,92.55,1614.7,3689
Male,No,Yes,Yes,19,Yes,No,DSL,Yes,No,No,No,No,No,One year,Yes,Bank transfer (automatic),48.95,955.6,2394
Male,Yes,Yes,No,54,Yes,Yes,Fiber optic,No,No,No,No,No,No,Month-to-month,No,Bank transfer (automatic),74.0,3919.15,4991
Female,No,Yes,No,57,No,No phone service,DSL,Yes,Yes,Yes,No,Yes,Yes,Month-to-month,Yes,Bank transfer (automatic),58.75,3437.45,4115
Male,No,Yes,Yes,68,Yes,No,DSL,Yes,Yes,No,Yes,Yes,Yes,Two year,No,Bank transfer (automatic),82.85,5776.45,5184
Female,No,Yes,Yes,53,No,No phone service,DSL,Yes,Yes,Yes,No,No,Yes,Month-to-month,Yes,Bank transfer (automatic),48.7,2495.2,4116
Female,No,No,No,48,Yes,Yes,Fiber optic,No,Yes,Yes,No,Yes,Yes,Month-to-month,Yes,Bank transfer (automatic),107.4,5121.3,4956
Male,No,Yes,Yes,36,Yes,No,DSL,Yes,Yes,No,No,No,No,One year,No,Mailed check,53.65,1939.35,4113
Male,No,No,No,35,Yes,No,DSL,Yes,Yes,Yes,No,No,No,One year,No,Mailed check,61.2,2021.2,2075
Female,No,Yes,No,67,Yes,Yes,DSL,Yes,Yes,Yes,No,No,No,Two year,No,Mailed check,65.65,4322.85,5441
Male,No,No,No,53,No,No phone service,DSL,Yes,Yes,No,No,No,Yes,Month-to-month,Yes,Bank transfer (automatic),46.3,2546.85,6245
Female,No,Yes,Yes,22,Yes,Yes,Fiber optic,No,No,No,No,No,No,Month-to-month,Yes,Bank transfer (automatic),75.8,1615.1,4479
Male,Yes,No,No,30,Yes,No,DSL,Yes,Yes,No,No,Yes,Yes,Month-to-month,Yes,Electronic check,74.75,2111.3,3033
Female,No,No,No,50,Yes,No,Fiber optic,No,Yes,No,Yes,Yes,Yes,Two year,Yes,Mailed check,100.2,5038.45,5419
Male,No,Yes,Yes,45,Yes,No,No,No internet service,No internet service,No internet service,No internet service,No internet service,No internet service,Two year,No,Mailed check,20.35,929.2,4210
Female,No,No,No,29,No,No phone service,DSL,No,No,No,No,No,No,Month-to-month,Yes,Credit card (automatic),25.1,712.85,2796
Male,No,No,No,12,Yes,No,DSL,No,No,No,No,No,No,Month-to-month,Yes,Bank transfer (automatic),45.4,518.9,2887
Male,No,No,No,3,No,No phone service,DSL,No,Yes,No,Yes,No,No,Month-to-month,Yes,Mailed check,36.85,108.7,5825
Male,No,No,No,1,No,No phone service,DSL,No,No,No,No,No,Yes,Month-to-month,Yes,Bank transfer (automatic),35.25,35.25,2548
Male,No,Yes,No,2,Yes,No,Fiber optic,No,No,No,No,Yes,Yes,Month-to-month,Yes,Bank transfer (automatic),89.55,185.55,3851
Female,No,Yes,No,27,Yes,No,Fiber optic,No,Yes,No,No,No,No,Month-to-month,Yes,Electronic check,76.1,2093.4,3291
Female,Yes,Yes,No,55,Yes,Yes,Fiber optic,No,Yes,Yes,No,No,No,Month-to-month,Yes,Electronic check,85.45,4874.7,5502
Female,No,Yes,Yes,1,Yes,No,No,No internet service,No internet service,No internet service,No internet service,No internet service,No internet service,Month-to-month,Yes,Electronic check,19.9,19.9,4633
Male,No,No,No,4,Yes,Yes,Fiber optic,No,No,No,Yes,No,No,Month-to-month,No,Credit card (automatic),80.8,332.45,5436
Female,No,Yes,Yes,55,Yes,Yes,No,No internet service,No internet service,No internet service,No internet service,No internet service,No internet service,Two year,Yes,Credit card (automatic),25.65,1388.0,4466
Male,No,Yes,Yes,8,Yes,No,DSL,No,No,No,No,Yes,No,Month-to-month,Yes,Electronic check,54.4,475.1,4854
Male,No,No,No,70,Yes,Yes,Fiber optic,Yes,Yes,Yes,Yes,Yes,Yes,Two year,Yes,Bank transfer (automatic),114.95,7711.25,4511
Female,No,Yes,No,64,No,No phone service,DSL,Yes,No,Yes,Yes,No,Yes,Two year,No,Electronic check,47.85,3147.5,6347
Male,No,No,No,11,Yes,No,Fiber optic,No,Yes,No,No,No,No,Month-to-month,Yes,Mailed check,75.9,866.4,4278
Male,No,No,No,1,Yes,No,DSL,Yes,No,No,No,No,No,Month-to-month,Yes,Mailed check,48.55,48.55,5687
Male,No,No,No,1,Yes,No,Fiber optic,No,No,No,No,No,No,Month-to-month,No,Bank transfer (automatic),69.75,69.75,2901
Male,No,No,No,1,Yes,No,Fiber optic,No,No,No,No,Yes,No,Month-to-month,Yes,Electronic check,79.95,79.95,4815
Male,No,Yes,Yes,66,Yes,Yes,No,No internet service,No internet service,No internet service,No internet service,No internet service,No internet service,One year,Yes,Credit card (automatic),25.7,1714.55,5517
Male,No,No,No,13,Yes,No,DSL,No,No,No,Yes,No,No,Month-to-month,Yes,Mailed check,50.55,610.75,5530
Female,No,Yes,No,72,Yes,Yes,No,No internet service,No internet service,No internet service,No internet service,No internet service,No internet service,Two year,No,Bank transfer (automatic),24.65,1830.05,5065
Male,No,No,No,72,No,No phone service,DSL,Yes,Yes,Yes,Yes,Yes,Yes,Two year,Yes,Bank transfer (automatic),65.6,4566.5,4369
Female,No,Yes,Yes,52,Yes,No,Fiber optic,No,Yes,Yes,Yes,No,No,Month-to-month,No,Bank transfer (automatic),85.8,4433.3,5494
Female,No,Yes,No,26,Yes,No,Fiber optic,No,No,No,Yes,No,Yes,Month-to-month,No,Credit card (automatic),85.9,2196.45,4038
Male,No,No,Yes,33,No,No phone service,DSL,Yes,No,No,Yes,No,No,One year,No,Credit card (automatic),34.05,1113.95,3044
Female,No,No,No,13,Yes,Yes,Fiber optic,No,No,No,No,No,Yes,Month-to-month,Yes,Electronic check,84.6,1115.2,2659
Female,No,No,No,13,No,No phone service,DSL,No,Yes,No,No,No,No,Month-to-month,Yes,Electronic check,31.05,347.25,5131
Male,No,No,No,27,Yes,No,No,No internet service,No internet service,No internet service,No internet service,No internet service,No internet service,One year,No,Mailed check,20.3,595.05,3159
Male,No,Yes,No,66,Yes,Yes,DSL,Yes,Yes,Yes,Yes,Yes,Yes,Two year,No,Bank transfer (automatic),91.7,6075.9,5453
Male,No,Yes,Yes,71,Yes,Yes,Fiber optic,Yes,Yes,Yes,Yes,Yes,Yes,Two year,Yes,Bank transfer (automatic),114.0,8175.9,5600
Female,No,No,No,1,Yes,No,DSL,No,No,No,No,No,No,Month-to-month,No,Mailed check,45.3,45.3,3575
Female,No,No,No,60,No,No phone service,DSL,Yes,No,Yes,No,No,Yes,One year,Yes,Electronic check,44.45,2773.9,4928
Male,No,Yes,No,8,Yes,No,Fiber optic,Yes,No,No,No,No,No,Month-to-month,Yes,Electronic check,74.5,609.9,3683
Female,No,Yes,No,55,Yes,Yes,Fiber optic,No,Yes,Yes,No,Yes,No,Month-to-month,Yes,Credit card (automatic),94.45,5073.1,5577
Male,No,Yes,No,71,Yes,Yes,Fiber optic,No,Yes,Yes,Yes,Yes,Yes,Two year,Yes,Credit card (automatic),108.6,7690.9,4982
Female,No,Yes,Yes,39,Yes,No,DSL,No,No,Yes,No,Yes,No,Month-to-month,Yes,Mailed check,59.85,2341.5,3900
Female,Yes,Yes,No,26,Yes,No,Fiber optic,No,No,Yes,No,Yes,No,Month-to-month,Yes,Credit card (automatic),85.7,2067.0,3935
Male,No,Yes,No,53,No,No phone service,DSL,No,Yes,Yes,Yes,Yes,Yes,One year,Yes,Electronic check,60.45,3184.25,5650
Female,No,Yes,No,5,Yes,No,Fiber optic,No,Yes,No,Yes,Yes,Yes,Month-to-month,Yes,Mailed check,99.15,465.05,2283
Male,No,No,No,72,Yes,Yes,Fiber optic,No,Yes,Yes,No,Yes,Yes,One year,Yes,Electronic check,104.95,7544.3,5760
Female,No,Yes,Yes,27,Yes,No,Fiber optic,Yes,No,No,No,No,No,Month-to-month,No,Mailed check,74.4,1972.35,4331
Male,No,Yes,Yes,11,Yes,No,DSL,No,No,Yes,No,Yes,No,Month-to-month,Yes,Bank transfer (automatic),59.65,683.25,2136
Female,Yes,Yes,No,72,Yes,Yes,Fiber optic,Yes,Yes,No,No,Yes,Yes,One year,Yes,Bank transfer (automatic),106.85,7677.4,4768
Female,No,Yes,No,41,Yes,No,Fiber optic,Yes,Yes,Yes,No,Yes,Yes,One year,Yes,Bank transfer (automatic),104.45,4162.05,2719
Female,No,No,No,36,Yes,Yes,DSL,No,Yes,No,Yes,No,Yes,One year,Yes,Mailed check,70.7,2511.95,3566
Female,Yes,Yes,No,11,Yes,No,Fiber optic,No,No,No,Yes,Yes,No,Month-to-month,Yes,Electronic check,82.9,880.05,4413
Male,No,No,Yes,62,Yes,No,No,No internet service,No internet service,No internet service,No internet service,No internet service,No internet service,Two year,No,Bank transfer (automatic),20.0,1250.1,4402
Female,No,No,No,20,No,No phone service,DSL,No,No,No,No,No,No,Month-to-month,No,Credit card (automatic),24.9,505.95,5942
Female,No,No,No,55,Yes,No,DSL,No,No,No,No,No,No,One year,No,Bank transfer (automatic),45.05,2462.6,4055
Female,No,Yes,Yes,45,No,No phone service,DSL,No,Yes,Yes,Yes,No,Yes,One year,No,Bank transfer (automatic),51.0,2264.5,4534
Female,No,Yes,Yes,71,Yes,Yes,Fiber optic,Yes,Yes,Yes,No,Yes,Yes,Two year,Yes,Bank transfer (automatic),109.0,7661.8,4204
Female,Yes,No,No,1,No,No phone service,DSL,No,No,No,No,Yes,No,Month-to-month,Yes,Electronic check,36.45,36.45,5303
Female,No,Yes,Yes,29,Yes,Yes,No,No internet service,No internet service,No internet service,No internet service,No internet service,No internet service,Two year,No,Mailed check,26.1,692.55,2828
Male,No,No,No,10,Yes,No,DSL,No,No,No,No,No,No,Month-to-month,No,Mailed check,46.0,492.1,3903
Male,No,No,No,11,Yes,No,No,No internet service,No internet service,No internet service,No internet service,No internet service,No internet service,Month-to-month,No,Mailed check,20.25,208.0,4032
Female,No,No,No,18,Yes,Yes,Fiber optic,No,No,No,Yes,Yes,No,Month-to-month,Yes,Electronic check,88.35,1639.3,5727
Female,Yes,No,No,72,Yes,Yes,Fiber optic,No,Yes,Yes,Yes,Yes,Yes,Two year,Yes,Bank transfer (automatic),108.1,7774.05,4474
Female,No,No,No,1,Yes,No,DSL,No,No,No,No,No,No,Month-to-month,No,Electronic check,43.8,43.8,4633
Female,Yes,No,No,56,Yes,Yes,Fiber optic,No,Yes,Yes,Yes,Yes,No,Two year,Yes,Bank transfer (automatic),99.9,5706.3,5840
Male,No,No,No,23,Yes,No,Fiber optic,No,Yes,No,No,Yes,Yes,Month-to-month,No,Mailed check,95.3,2192.9,5029
Male,No,Yes,No,18,Yes,Yes,Fiber optic,No,No,No,No,Yes,Yes,Month-to-month,Yes,Electronic check,94.7,1687.95,2206
Female,Yes,No,No,30,Yes,Yes,Fiber optic,Yes,Yes,Yes,No,No,No,Month-to-month,No,Credit card (automatic),91.7,2758.15,2482
Male,No,Yes,No,61,Yes,No,No,No internet service,No internet service,No internet service,No internet service,No internet service,No internet service,One year,Yes,Credit card (automatic),20.55,1252.0,5110
Male,No,No,No,42,Yes,Yes,No,No internet service,No internet service,No internet service,No internet service,No internet service,No internet service,One year,No,Electronic check,25.05,949.85,3756
Female,No,Yes,No,50,Yes,Yes,Fiber optic,No,No,No,No,Yes,No,Month-to-month,Yes,Bank transfer (automatic),84.4,4116.15,5135
Male,No,No,No,27,Yes,Yes,Fiber optic,No,No,Yes,No,No,No,Month-to-month,Yes,Electronic check,81.3,2272.8,5158
Female,No,No,No,1,Yes,No,Fiber optic,No,No,No,No,No,No,Month-to-month,Yes,Electronic check,70.85,70.85,2874
Female,Yes,No,No,45,Yes,Yes,DSL,Yes,No,No,Yes,No,Yes,Month-to-month,Yes,Electronic check,70.05,3062.45,4223
Male,Yes,Yes,No,70,Yes,No,Fiber optic,Yes,Yes,Yes,No,Yes,Yes,Two year,No,Credit card (automatic),105.35,7511.9,5866
Male,No,No,No,18,No,No phone service,DSL,No,Yes,Yes,No,No,No,Month-to-month,Yes,Credit card (automatic),33.5,600.0,5474
Female,No,No,No,3,Yes,No,Fiber optic,No,No,Yes,No,No,No,Month-to-month,Yes,Mailed check,74.75,238.1,3319
Female,No,Yes,Yes,39,Yes,No,Fiber optic,No,No,Yes,Yes,No,No,Month-to-month,Yes,Bank transfer (automatic),81.5,3107.3,2042
Female,No,Yes,Yes,52,Yes,No,No,No internet service,No internet service,No internet service,No internet service,No internet service,No internet service,Two year,No,Mailed check,19.35,1031.7,5699
Female,No,No,No,4,Yes,No,Fiber optic,Yes,No,Yes,Yes,No,Yes,Month-to-month,Yes,Bank transfer (automatic),94.4,387.2,4249
Male,No,Yes,No,68,Yes,Yes,Fiber optic,No,Yes,Yes,Yes,Yes,Yes,Two year,Yes,Bank transfer (automatic),110.0,7611.85,5034
Female,No,Yes,No,26,Yes,No,No,No internet service,No internet service,No internet service,No internet service,No internet service,No internet service,One year,No,Mailed check,19.2,459.6,3656
Male,No,No,No,1,Yes,No,DSL,No,Yes,No,No,No,No,Month-to-month,No,Mailed check,50.65,50.65,2431
Female,No,No,No,52,Yes,No,No,No internet service,No internet service,No internet service,No internet service,No internet service,No internet service,One year,No,Mailed check,20.65,1022.95,5186
Female,No,No,Yes,12,Yes,No,DSL,No,No,No,No,No,No,Month-to-month,Yes,Electronic check,44.55,480.6,4162
Female,No,No,No,29,Yes,Yes,DSL,No,No,No,No,Yes,Yes,One year,Yes,Credit card (automatic),71.0,2080.1,4226
Female,No,No,No,1,Yes,No,Fiber optic,No,No,No,No,No,Yes,Month-to-month,Yes,Electronic check,79.7,79.7,2066
Male,No,No,No,24,Yes,No,DSL,Yes,No,No,No,No,No,Month-to-month,Yes,Bank transfer (automatic),49.55,1210.4,5005
Female,No,Yes,Yes,65,Yes,Yes,DSL,Yes,Yes,Yes,Yes,Yes,Yes,Two year,Yes,Mailed check,90.45,5957.9,5509
Male,No,No,No,5,No,No phone service,DSL,No,Yes,No,No,Yes,Yes,Month-to-month,Yes,Mailed check,51.0,305.95,4630
Female,No,Yes,Yes,35,Yes,No,No,No internet service,No internet service,No internet service,No internet service,No internet service,No internet service,Two year,No,Credit card (automatic),19.7,730.4,5636
Male,No,No,No,37,Yes,Yes,DSL,Yes,Yes,Yes,Yes,Yes,Yes,One year,Yes,Bank transfer (automatic),90.6,3358.65,2546
Female,No,No,No,36,No,No phone service,DSL,Yes,Yes,Yes,Yes,No,Yes,Two year,Yes,Mailed check,53.1,1901.25,2751
Male,No,No,No,4,Yes,No,Fiber optic,No,No,No,No,Yes,No,Month-to-month,Yes,Electronic check,81.0,340.85,3591
Female,No,Yes,Yes,70,Yes,Yes,No,No internet service,No internet service,No internet service,No internet service,No internet service,No internet service,Two year,No,Bank transfer (automatic),24.7,1685.9,5907
Female,No,No,No,2,Yes,No,No,No internet service,No internet service,No internet service,No internet service,No internet service,No internet service,Month-to-month,No,Bank transfer (automatic),18.75,53.15,5355
Male,Yes,No,No,4,Yes,No,Fiber optic,Yes,No,No,No,No,No,Month-to-month,No,Electronic check,75.35,273.4,4033
Male,No,Yes,No,71,Yes,Yes,Fiber optic,No,Yes,Yes,No,No,Yes,Month-to-month,Yes,Bank transfer (automatic),93.25,6669.45,6035
Female,Yes,Yes,No,72,Yes,Yes,DSL,Yes,Yes,Yes,Yes,Yes,Yes,Two year,Yes,Bank transfer (automatic),89.85,6697.35,5881
Female,Yes,Yes,No,47,Yes,Yes,DSL,Yes,Yes,Yes,No,No,No,Month-to-month,Yes,Credit card (automatic),67.45,3252.0,4074
Male,No,Yes,No,55,Yes,No,DSL,Yes,Yes,Yes,No,No,No,Two year,No,Electronic check,58.6,3068.6,6231
Male,No,Yes,No,51,Yes,Yes,Fiber optic,No,No,No,No,Yes,Yes,Month-to-month,Yes,Electronic check,94.65,4812.75,4747
Male,No,No,No,72,Yes,Yes,Fiber optic,Yes,Yes,Yes,Yes,Yes,Yes,Two year,Yes,Electronic check,118.2,8547.15,4886
Male,No,Yes,Yes,72,Yes,Yes,Fiber optic,Yes,Yes,Yes,Yes,Yes,Yes,Two year,No,Bank transfer (automatic),114.45,8100.55,4700
Male,No,Yes,Yes,38,Yes,No,DSL,Yes,Yes,Yes,Yes,Yes,No,One year,No,Electronic check,74.05,2802.3,5975
Male,No,Yes,Yes,8,Yes,Yes,DSL,Yes,Yes,No,Yes,No,Yes,Two year,Yes,Credit card (automatic),76.15,645.8,4457
Female,Yes,No,No,27,Yes,Yes,Fiber optic,No,No,Yes,No,No,Yes,Month-to-month,No,Credit card (automatic),88.3,2467.75,2420
Male,No,No,No,6,Yes,No,DSL,No,No,Yes,No,Yes,No,Month-to-month,No,Mailed check,60.9,414.1,2191
Male,No,No,No,17,Yes,No,No,No internet service,No internet service,No internet service,No internet service,No internet service,No internet service,Two year,No,Mailed check,19.15,343.45,2717
Male,No,Yes,Yes,71,Yes,No,No,No internet service,No internet service,No internet service,No internet service,No internet service,No internet service,Two year,No,Mailed check,19.8,1396.25,5406
Female,No,Yes,No,42,Yes,No,Fiber optic,No,No,Yes,Yes,Yes,Yes,Two year,Yes,Credit card (automatic),99.0,4135.0,4545
Female,No,No,No,1,Yes,No,No,No internet service,No internet service,No internet service,No internet service,No internet service,No internet service,Month-to-month,No,Mailed check,20.35,20.35,5774
Female,No,Yes,No,70,Yes,Yes,Fiber optic,No,Yes,Yes,Yes,Yes,Yes,One year,Yes,Electronic check,109.5,7674.55,4191
Male,No,No,No,9,Yes,No,Fiber optic,Yes,No,No,No,No,No,Month-to-month,No,Electronic check,75.6,661.55,4990
Male,No,No,Yes,1,Yes,No,No,No internet service,No internet service,No internet service,No internet service,No internet service,No internet service,Month-to-month,No,Mailed check,19.85,19.85,4840
Female,No,No,No,10,No,No phone service,DSL,Yes,Yes,Yes,No,No,No,Month-to-month,No,Bank transfer (automatic),40.7,449.3,2164
Male,No,Yes,No,49,Yes,No,Fiber optic,No,Yes,No,No,Yes,Yes,Two year,Yes,Electronic check,94.8,4690.65,4252
Female,No,Yes,No,46,No,No phone service,DSL,No,No,No,No,Yes,Yes,Month-to-month,Yes,Electronic check,43.95,2007.85,4818
Female,No,Yes,No,46,Yes,Yes,Fiber optic,No,Yes,No,Yes,Yes,Yes,One year,Yes,Electronic check,103.15,4594.65,3517
Female,Yes,Yes,No,4,Yes,Yes,Fiber optic,Yes,No,No,No,Yes,Yes,Month-to-month,Yes,Electronic check,99.6,347.65,4708
Male,No,Yes,No,71,Yes,Yes,Fiber optic,No,Yes,Yes,No,Yes,Yes,Two year,Yes,Bank transfer (automatic),106.0,7723.7,4072
Male,No,Yes,Yes,14,Yes,No,DSL,Yes,Yes,No,No,No,Yes,Two year,Yes,Bank transfer (automatic),61.4,815.55,3186
Male,No,Yes,Yes,67,Yes,No,DSL,Yes,Yes,No,No,No,No,Two year,Yes,Bank transfer (automatic),54.2,3838.2,6005
Male,No,Yes,Yes,10,Yes,No,DSL,No,No,Yes,No,Yes,No,Month-to-month,No,Mailed check,60.2,563.5,5318
Male,No,No,No,62,Yes,No,No,No internet service,No internet service,No internet service,No internet service,No internet service,No internet service,Two year,Yes,Credit card (automatic),20.05,1201.65,4568
Male,No,Yes,No,65,Yes,Yes,Fiber optic,Yes,Yes,Yes,No,No,No,One year,No,Electronic check,89.75,5769.6,6110
Male,Yes,Yes,No,53,Yes,Yes,DSL,Yes,No,No,Yes,No,No,One year,Yes,Electronic check,60.05,3229.65,5271
Male,No,No,No,4,Yes,No,No,No internet service,No internet service,No internet service,No internet service,No internet service,No internet service,Month-to-month,No,Mailed check,19.4,93.4,4402
Female,No,Yes,No,58,Yes,Yes,DSL,No,Yes,No,Yes,No,No,Two year,Yes,Credit card (automatic),59.9,3505.1,6407
Male,No,No,No,1,Yes,No,Fiber optic,No,No,No,No,Yes,No,Month-to-month,Yes,Electronic check,79.05,79.05,3555
Female,No,No,No,72,Yes,Yes,Fiber optic,No,No,Yes,Yes,Yes,Yes,Two year,Yes,Credit card (automatic),107.5,7853.7,4708
Female,No,Yes,No,69,Yes,No,Fiber optic,Yes,Yes,No,Yes,Yes,Yes,One year,Yes,Credit card (automatic),106.4,7251.9,4328
Female,No,Yes,No,2,Yes,No,Fiber optic,No,Yes,Yes,No,No,No,Month-to-month,No,Bank transfer (automatic),79.7,165.0,3039
Male,No,No,No,52,Yes,Yes,DSL,Yes,Yes,No,Yes,Yes,Yes,Two year,Yes,Mailed check,85.15,4461.85,4322
Female,No,No,No,8,Yes,No,Fiber optic,No,No,No,No,Yes,No,Month-to-month,Yes,Bank transfer (automatic),80.1,679.3,5071
Female,Yes,No,No,72,Yes,Yes,Fiber optic,No,Yes,Yes,Yes,Yes,Yes,Two year,No,Electronic check,111.65,7943.45,5388
Female,No,Yes,No,7,Yes,No,DSL,No,No,No,No,No,No,Month-to-month,Yes,Mailed check,44.25,313.45,5014
Female,No,No,No,53,Yes,Yes,Fiber optic,Yes,Yes,Yes,No,Yes,No,One year,No,Mailed check,98.6,5311.85,4635
Female,No,No,No,11,Yes,No,DSL,No,No,No,Yes,Yes,Yes,Month-to-month,No,Mailed check,70.5,829.3,5541
Male,No,No,No,18,No,No phone service,DSL,Yes,No,Yes,No,No,No,Month-to-month,No,Mailed check,33.6,550.35,5388
Male,No,No,No,1,Yes,No,No,No internet service,No internet service,No internet service,No internet service,No internet service,No internet service,Month-to-month,No,Mailed check,20.0,20.0,3657
Male,No,Yes,Yes,63,Yes,Yes,No,No internet service,No internet service,No internet service,No internet service,No internet service,No internet service,Two year,No,Mailed check,25.25,1573.05,6245
Female,No,No,No,30,Yes,No,Fiber optic,No,No,No,Yes,Yes,No,Month-to-month,No,Electronic check,85.15,2555.9,4417
Male,No,No,No,1,Yes,No,No,No internet service,No internet service,No internet service,No internet service,No internet service,No internet service,Month-to-month,No,Mailed check,20.05,20.05,2313
Female,No,No,Yes,40,Yes,No,DSL,Yes,No,No,Yes,Yes,No,Month-to-month,Yes,Credit card (automatic),64.1,2460.35,5056
Male,No,Yes,Yes,59,Yes,No,No,No internet service,No internet service,No internet service,No internet service,No internet service,No internet service,Two year,No,Mailed check,19.5,1147.85,5293
Female,Yes,Yes,No,22,Yes,Yes,DSL,Yes,Yes,No,Yes,No,No,Month-to-month,Yes,Mailed check,63.55,1381.8,2136
Male,No,Yes,No,72,No,No phone service,DSL,Yes,Yes,Yes,Yes,No,Yes,Two year,Yes,Credit card (automatic),55.45,4179.2,4556
Female,No,Yes,No,14,Yes,No,Fiber optic,No,No,No,No,No,Yes,Month-to-month,Yes,Electronic check,78.1,1122.4,3157
Female,No,Yes,No,72,Yes,Yes,Fiber optic,No,Yes,Yes,Yes,Yes,Yes,Two year,Yes,Bank transfer (automatic),110.45,7982.5,6030
Female,No,No,No,72,Yes,Yes,Fiber optic,Yes,Yes,Yes,Yes,Yes,Yes,Two year,No,Credit card (automatic),115.05,8405.0,5905
Male,No,No,No,49,Yes,Yes,Fiber optic,No,No,No,No,No,No,Month-to-month,Yes,Bank transfer (automatic),74.6,3720.35,4516
Female,Yes,Yes,No,18,No,No phone service,DSL,No,No,Yes,No,Yes,Yes,Month-to-month,Yes,Electronic check,48.35,810.7,2167
Female,No,No,No,10,Yes,No,No,No internet service,No internet service,No internet service,No internet service,No internet service,No internet service,Month-to-month,Yes,Mailed check,19.9,199.45,5811
Female,No,Yes,No,8,Yes,Yes,Fiber optic,No,No,No,No,No,Yes,Month-to-month,Yes,Credit card (automatic),85.2,627.4,2887
Female,No,No,No,7,No,No phone service,DSL,No,Yes,No,No,No,Yes,Month-to-month,Yes,Credit card (automatic),40.1,293.3,4414
Female,No,Yes,Yes,2,No,No phone service,DSL,No,Yes,No,No,No,No,Month-to-month,Yes,Mailed check,30.25,63.75,4387
Male,No,Yes,Yes,34,Yes,No,Fiber optic,No,No,Yes,No,Yes,No,Month-to-month,Yes,Mailed check,84.05,2909.95,3476
Female,No,No,Yes,70,Yes,Yes,DSL,Yes,Yes,No,Yes,No,No,Two year,No,Electronic check,66.0,4891.5,5265
Female,No,Yes,No,72,Yes,Yes,No,No internet service,No internet service,No internet service,No internet service,No internet service,No internet service,Two year,No,Electronic check,24.55,1750.7,4169
Male,Yes,No,No,8,No,No phone service,DSL,No,No,Yes,No,No,No,Month-to-month,Yes,Electronic check,29.4,221.9,5971
Female,No,No,No,16,Yes,No,Fiber optic,No,Yes,Yes,No,No,Yes,Month-to-month,Yes,Credit card (automatic),93.2,1573.7,5497
Male,No,Yes,No,69,Yes,Yes,Fiber optic,No,No,Yes,No,Yes,Yes,One year,No,Bank transfer (automatic),99.5,6841.45,4237
Male,Yes,Yes,No,35,Yes,Yes,Fiber optic,No,No,Yes,No,No,No,One year,Yes,Bank transfer (automatic),81.6,2815.25,2300
Female,No,Yes,Yes,55,Yes,No,No,No internet service,No internet service,No internet service,No internet service,No internet service,No internet service,Month-to-month,No,Credit card (automatic),20.0,1087.25,4277
Male,No,No,No,69,Yes,No,No,No internet service,No internet service,No internet service,No internet service,No internet service,No internet service,Two year,Yes,Mailed check,19.1,1268.85,4535
Female,No,No,No,2,Yes,Yes,Fiber optic,No,No,Yes,No,No,No,Month-to-month,No,Mailed check,80.6,155.8,2683
Female,No,No,No,72,Yes,Yes,No,No internet service,No internet service,No internet service,No internet service,No internet service,No internet service,Two year,No,Credit card (automatic),25.45,1866.45,4118
Female,No,No,No,5,Yes,No,No,No internet service,No internet service,No internet service,No internet service,No internet service,No internet service,Month-to-month,No,Mailed check,19.95,109.6,5252
Male,No,No,No,10,Yes,No,Fiber optic,No,No,No,No,No,No,Month-to-month,No,Mailed check,70.15,735.5,3963
Male,No,No,No,57,Yes,No,No,No internet service,No internet service,No internet service,No internet service,No internet service,No internet service,Two year,No,Credit card (automatic),18.8,1094.35,6466
Female,No,Yes,No,25,No,No phone service,DSL,Yes,Yes,Yes,No,Yes,Yes,Month-to-month,Yes,Credit card (automatic),58.6,1502.65,4190
Female,No,Yes,No,63,Yes,Yes,Fiber optic,No,Yes,Yes,Yes,Yes,Yes,Month-to-month,Yes,Electronic check,108.75,6871.7,4582
Female,No,Yes,Yes,72,Yes,No,DSL,Yes,No,Yes,Yes,Yes,Yes,Two year,Yes,Bank transfer (automatic),80.45,5886.85,4480
Male,No,Yes,No,48,Yes,Yes,Fiber optic,Yes,Yes,Yes,No,Yes,No,Two year,Yes,Bank transfer (automatic),96.9,4473.45,2613
Male,No,Yes,Yes,49,Yes,No,Fiber optic,No,Yes,Yes,No,Yes,No,Month-to-month,Yes,Credit card (automatic),90.4,4494.65,5804
Female,No,No,Yes,21,Yes,No,No,No internet service,No internet service,No internet service,No internet service,No internet service,No internet service,Month-to-month,No,Mailed check,20.75,452.2,2143
Male,Yes,Yes,No,57,No,No phone service,DSL,No,No,No,No,Yes,Yes,Month-to-month,Yes,Electronic check,44.85,2572.95,5172
Male,No,No,No,21,Yes,No,DSL,Yes,No,Yes,No,Yes,No,Month-to-month,No,Bank transfer (automatic),65.35,1424.4,2887
Female,No,No,No,8,Yes,No,DSL,No,No,Yes,Yes,No,Yes,Month-to-month,No,Mailed check,64.1,504.05,2804
Male,No,No,No,9,Yes,Yes,Fiber optic,No,No,No,No,Yes,No,Month-to-month,Yes,Electronic check,85.5,791.7,4867
Male,No,No,No,2,Yes,No,Fiber optic,No,No,Yes,No,Yes,Yes,Month-to-month,No,Electronic check,94.95,178.1,4493
Male,No,Yes,No,9,Yes,No,Fiber optic,No,Yes,Yes,Yes,Yes,No,Month-to-month,Yes,Mailed check,94.85,890.6,3016
Male,No,No,No,19,Yes,Yes,Fiber optic,No,Yes,No,No,Yes,Yes,Month-to-month,Yes,Electronic check,99.95,1931.75,3670
Female,No,No,No,8,Yes,No,Fiber optic,Yes,No,No,No,Yes,No,Month-to-month,No,Electronic check,84.95,668.4,4437
Female,No,No,No,56,Yes,Yes,Fiber optic,No,Yes,No,Yes,Yes,Yes,Month-to-month,Yes,Bank transfer (automatic),105.45,5916.95,4212
Female,No,Yes,No,21,No,No phone service,DSL,Yes,No,Yes,No,Yes,Yes,One year,Yes,Electronic check,55.95,1157.05,5531
Female,No,Yes,No,60,Yes,No,DSL,No,Yes,Yes,Yes,Yes,Yes,Two year,Yes,Bank transfer (automatic),80.6,4946.7,5667
Male,No,Yes,Yes,56,No,No phone service,DSL,Yes,Yes,No,Yes,Yes,No,One year,Yes,Mailed check,52.0,2884.9,5845
Female,No,Yes,Yes,55,Yes,No,No,No internet service,No internet service,No internet service,No internet service,No internet service,No internet service,Two year,No,Mailed check,20.3,1079.05,5153
Male,No,No,Yes,55,Yes,No,No,No internet service,No internet service,No internet service,No internet service,No internet service,No internet service,One year,No,Bank transfer (automatic),19.1,1001.5,4391
Female,Yes,No,No,14,Yes,Yes,Fiber optic,No,No,No,No,No,No,Month-to-month,Yes,Electronic check,74.3,1096.25,5342
Female,No,No,No,61,Yes,Yes,DSL,No,Yes,Yes,Yes,Yes,Yes,Two year,No,Credit card (automatic),88.65,5321.25,4730
Male,No,Yes,Yes,66,Yes,No,No,No internet service,No internet service,No internet service,No internet service,No internet service,No internet service,Two year,No,Credit card (automatic),20.0,1374.2,5011
Male,No,No,No,57,Yes,No,DSL,No,Yes,No,Yes,No,No,One year,Yes,Mailed check,54.65,3134.7,4223
Male,No,No,No,59,Yes,No,DSL,No,No,Yes,Yes,Yes,No,Month-to-month,Yes,Electronic check,64.65,3735.45,5687
Male,No,No,No,49,Yes,Yes,Fiber optic,No,Yes,No,Yes,Yes,Yes,One year,Yes,Bank transfer (automatic),106.65,5168.1,5154
Male,No,Yes,No,68,Yes,Yes,DSL,Yes,Yes,Yes,Yes,Yes,Yes,Two year,Yes,Credit card (automatic),92.2,6392.85,4451
Female,Yes,No,No,36,Yes,Yes,Fiber optic,No,No,No,No,No,No,Month-to-month,Yes,Bank transfer (automatic),74.9,2659.45,5041
Female,Yes,Yes,No,1,Yes,No,Fiber optic,No,No,No,No,No,No,Month-to-month,Yes,Electronic check,69.55,69.55,5948
Female,No,No,No,30,Yes,Yes,Fiber optic,No,No,Yes,No,Yes,Yes,Month-to-month,No,Electronic check,100.45,3096.9,3936
Female,No,Yes,No,71,Yes,Yes,No,No internet service,No internet service,No internet service,No internet service,No internet service,No internet service,Two year,Yes,Credit card (automatic),24.4,1725.4,4412
Female,No,Yes,No,8,Yes,No,Fiber optic,No,Yes,Yes,No,Yes,Yes,Month-to-month,No,Electronic check,101.15,842.9,2750
Female,Yes,No,No,9,Yes,No,Fiber optic,No,No,No,No,Yes,No,Month-to-month,Yes,Electronic check,80.85,751.65,5242
Male,No,No,No,69,Yes,Yes,Fiber optic,No,No,Yes,Yes,Yes,Yes,Two year,Yes,Bank transfer (automatic),106.5,7348.8,4859
Female,No,No,Yes,67,Yes,Yes,Fiber optic,No,Yes,No,Yes,Yes,Yes,One year,Yes,Bank transfer (automatic),106.6,7244.7,5895
Male,No,No,No,24,Yes,No,DSL,Yes,No,No,Yes,No,No,Month-to-month,No,Electronic check,54.95,1348.5,3407
Male,Yes,Yes,No,16,Yes,No,Fiber optic,No,No,No,No,No,No,Month-to-month,Yes,Bank transfer (automatic),71.8,1167.8,3327
Female,No,Yes,Yes,14,Yes,No,Fiber optic,No,No,No,No,No,No,Month-to-month,No,Electronic check,70.2,1046.5,5819
Male,Yes,Yes,Yes,34,Yes,Yes,Fiber optic,No,Yes,Yes,Yes,Yes,Yes,Month-to-month,Yes,Electronic check,108.9,3625.2,5151
Female,No,Yes,Yes,53,Yes,No,No,No internet service,No internet service,No internet service,No internet service,No internet service,No internet service,One year,No,Bank transfer (automatic),19.55,1007.9,4670
Female,No,Yes,No,20,Yes,Yes,Fiber optic,No,Yes,Yes,No,Yes,Yes,Month-to-month,Yes,Bank transfer (automatic),105.85,2239.65,4223
Male,No,Yes,Yes,24,Yes,Yes,DSL,Yes,No,No,No,Yes,Yes,One year,No,Mailed check,74.8,1821.2,5535
Female,No,Yes,No,64,Yes,Yes,DSL,Yes,Yes,Yes,Yes,No,Yes,Two year,Yes,Mailed check,81.3,5129.3,5254
Male,Yes,Yes,No,71,Yes,Yes,No,No internet service,No internet service,No internet service,No internet service,No internet service,No internet service,Two year,No,Bank transfer (automatic),23.95,1756.2,4329
Female,No,No,No,8,Yes,No,No,No internet service,No internet service,No internet service,No internet service,No internet service,No internet service,One year,Yes,Mailed check,19.2,161.95,5272
Male,No,Yes,No,65,Yes,Yes,DSL,Yes,Yes,No,No,No,Yes,Two year,Yes,Mailed check,69.55,4459.15,5420
Male,No,No,No,29,Yes,No,DSL,No,No,Yes,No,No,No,Month-to-month,No,Bank transfer (automatic),48.95,1323.7,4825
Female,No,Yes,Yes,55,Yes,Yes,Fiber optic,Yes,No,No,No,Yes,Yes,One year,No,Mailed check,100.9,5448.6,6153
Male,No,No,Yes,54,Yes,No,DSL,No,Yes,Yes,Yes,No,No,One year,Yes,Electronic check,61.0,3283.05,5594
Female,No,No,No,66,No,No phone service,DSL,Yes,No,Yes,Yes,Yes,Yes,Two year,Yes,Bank transfer (automatic),61.35,4193.4,4824
Male,No,Yes,Yes,31,Yes,Yes,DSL,No,No,No,No,No,Yes,Month-to-month,No,Bank transfer (automatic),59.7,1825.5,2425
Female,Yes,No,No,5,Yes,No,Fiber optic,No,No,No,No,No,Yes,Month-to-month,No,Electronic check,78.95,378.4,4054
Male,No,No,No,21,Yes,No,DSL,No,No,Yes,No,No,Yes,Month-to-month,No,Mailed check,61.65,1393.6,2926
Male,No,No,No,9,No,No phone service,DSL,No,No,No,No,No,No,Month-to-month,Yes,Mailed check,24.6,190.1,2323
Male,Yes,No,No,31,Yes,Yes,Fiber optic,No,Yes,No,No,Yes,No,Month-to-month,Yes,Electronic check,90.7,2845.15,3493
Male,No,Yes,No,49,Yes,No,Fiber optic,No,No,Yes,Yes,Yes,Yes,One year,Yes,Credit card (automatic),99.25,4920.8,4995
Female,No,Yes,No,11,Yes,Yes,Fiber optic,No,No,No,No,Yes,Yes,Month-to-month,Yes,Electronic check,94.0,1078.9,2120
Female,No,No,No,6,Yes,Yes,Fiber optic,No,No,No,No,Yes,Yes,Month-to-month,Yes,Bank transfer (automatic),93.55,536.4,5617
Female,No,Yes,Yes,0,Yes,No,No,No internet service,No internet service,No internet service,No internet service,No internet service,No internet service,Two year,No,Mailed check,20.0,0.0,3763
Female,No,Yes,No,57,Yes,No,No,No internet service,No internet service,No internet service,No internet service,No internet service,No internet service,Two year,No,Bank transfer (automatic),19.9,1115.6,4408
Female,No,No,No,2,Yes,No,DSL,No,Yes,No,No,Yes,No,Month-to-month,Yes,Electronic check,59.0,114.15,5810
Female,No,Yes,No,9,Yes,Yes,Fiber optic,No,No,No,No,Yes,No,Month-to-month,Yes,Bank transfer (automatic),85.35,754.65,2445
Female,No,No,No,38,Yes,No,No,No internet service,No internet service,No internet service,No internet service,No internet service,No internet service,Two year,No,Mailed check,20.3,743.05,5919
Male,No,No,Yes,39,No,No phone service,DSL,No,No,Yes,Yes,Yes,Yes,One year,No,Bank transfer (automatic),54.85,2191.7,3884
Male,No,Yes,No,17,Yes,Yes,Fiber optic,No,No,No,No,Yes,Yes,Month-to-month,Yes,Electronic check,92.55,1515.1,5775
Male,No,No,No,71,Yes,Yes,No,No internet service,No internet service,No internet service,No internet service,No internet service,No internet service,Two year,No,Bank transfer (automatic),25.55,1898.1,6305
Female,No,No,No,45,Yes,Yes,Fiber optic,Yes,Yes,No,No,No,Yes,One year,No,Bank transfer (automatic),96.75,4442.75,3682
Female,No,Yes,Yes,33,Yes,No,No,No internet service,No internet service,No internet service,No internet service,No internet service,No internet service,Two year,No,Mailed check,20.1,670.35,3700
Female,No,Yes,Yes,72,Yes,No,No,No internet service,No internet service,No internet service,No internet service,No internet service,No internet service,Two year,Yes,Mailed check,20.7,1482.3,4528
Female,No,No,No,29,Yes,Yes,DSL,No,Yes,No,No,No,No,One year,Yes,Electronic check,55.25,1620.2,5481
Female,No,Yes,Yes,71,Yes,Yes,Fiber optic,No,Yes,Yes,No,No,Yes,Two year,Yes,Credit card (automatic),95.75,6849.4,4865
Female,Yes,No,No,18,Yes,Yes,Fiber optic,No,Yes,No,Yes,Yes,Yes,Month-to-month,Yes,Credit card (automatic),103.6,1806.35,2094
Female,No,No,No,16,Yes,No,DSL,No,Yes,No,Yes,No,No,Month-to-month,Yes,Mailed check,53.9,834.15,5091
Female,Yes,Yes,No,27,Yes,No,Fiber optic,Yes,No,Yes,No,Yes,Yes,Month-to-month,Yes,Electronic check,101.25,2754.45,4853
Female,No,Yes,No,4,Yes,No,No,No internet service,No internet service,No internet service,No internet service,No internet service,No internet service,Month-to-month,No,Mailed check,19.6,93.45,4580
Female,No,Yes,No,72,Yes,Yes,No,No internet service,No internet service,No internet service,No internet service,No internet service,No internet service,Two year,No,Credit card (automatic),26.45,1914.5,5534
Female,Yes,No,No,47,Yes,Yes,Fiber optic,No,Yes,No,Yes,Yes,No,Month-to-month,Yes,Electronic check,95.05,4504.55,5214
Male,No,No,No,39,Yes,Yes,Fiber optic,No,Yes,No,No,No,No,One year,No,Credit card (automatic),81.4,3213.75,4104
Female,No,Yes,No,72,Yes,Yes,Fiber optic,Yes,No,Yes,No,Yes,Yes,Two year,Yes,Credit card (automatic),105.0,7589.8,5678
Female,Yes,No,No,1,Yes,No,Fiber optic,No,No,No,No,Yes,Yes,Month-to-month,Yes,Electronic check,89.3,89.3,3067
Female,Yes,Yes,No,72,Yes,Yes,Fiber optic,No,Yes,Yes,No,Yes,Yes,One year,No,Credit card (automatic),105.0,7578.05,6423
Female,No,No,No,18,Yes,No,Fiber optic,Yes,No,No,No,No,No,Month-to-month,Yes,Electronic check,75.4,1380.4,4792
Male,Yes,Yes,No,71,Yes,No,DSL,Yes,Yes,No,Yes,Yes,No,One year,Yes,Bank transfer (automatic),71.0,5012.1,5247
Female,No,Yes,No,42,Yes,Yes,DSL,Yes,Yes,No,Yes,No,No,Month-to-month,Yes,Credit card (automatic),66.4,2727.8,3773
Male,No,Yes,No,72,Yes,Yes,DSL,Yes,Yes,Yes,Yes,Yes,Yes,Two year,Yes,Credit card (automatic),90.25,6369.45,5974
Female,No,No,No,15,Yes,Yes,Fiber optic,No,Yes,No,No,Yes,Yes,Month-to-month,Yes,Electronic check,100.15,1415.0,2565
Male,No,Yes,Yes,72,Yes,No,Fiber optic,Yes,No,Yes,Yes,Yes,Yes,Two year,Yes,Credit card (automatic),104.9,7559.55,5169
Male,No,No,Yes,27,Yes,No,DSL,Yes,Yes,No,No,No,No,One year,No,Mailed check,56.2,1567.55,5978
Female,No,Yes,No,35,Yes,No,Fiber optic,No,No,No,No,No,No,Month-to-month,Yes,Electronic check,70.3,2416.55,5413
Male,No,Yes,Yes,9,Yes,No,Fiber optic,No,Yes,No,Yes,Yes,Yes,Month-to-month,Yes,Electronic check,101.5,906.85,2757
Female,No,No,No,1,Yes,No,No,No internet service,No internet service,No internet service,No internet service,No internet service,No internet service,Month-to-month,No,Credit card (automatic),19.55,19.55,5537
Female,No,No,No,20,Yes,No,DSL,No,No,No,No,No,No,Month-to-month,Yes,Electronic check,44.35,927.15,3460
Female,No,Yes,No,65,Yes,No,No,No internet service,No internet service,No internet service,No internet service,No internet service,No internet service,Two year,No,Bank transfer (automatic),19.35,1319.95,5076
Female,No,No,No,1,Yes,No,No,No internet service,No internet service,No internet service,No internet service,No internet service,No internet service,Month-to-month,No,Mailed check,20.9,20.9,5527
Female,No,No,No,7,Yes,No,No,No internet service,No internet service,No internet service,No internet service,No internet service,No internet service,Month-to-month,No,Mailed check,20.05,164.85,5595
Male,No,Yes,No,29,Yes,No,DSL,No,No,Yes,Yes,Yes,Yes,Two year,No,Mailed check,75.55,2054.4,5625
Male,No,No,No,46,No,No phone service,DSL,No,Yes,No,No,No,No,Month-to-month,No,Bank transfer (automatic),30.3,1380.1,2243
Female,No,No,No,1,Yes,No,DSL,No,Yes,No,No,No,No,Month-to-month,No,Electronic check,49.5,49.5,5262
Female,Yes,Yes,No,3,Yes,No,Fiber optic,No,Yes,No,No,No,No,Month-to-month,Yes,Bank transfer (automatic),74.6,239.05,3711
Male,No,No,No,13,Yes,No,Fiber optic,No,No,No,No,Yes,Yes,Month-to-month,Yes,Electronic check,91.1,1135.7,5347
Female,No,No,Yes,7,Yes,No,No,No internet service,No internet service,No internet service,No internet service,No internet service,No internet service,One year,No,Mailed check,20.05,96.8,3810
Male,No,No,No,1,Yes,No,No,No internet service,No internet service,No internet service,No internet service,No internet service,No internet service,Month-to-month,Yes,Electronic check,19.85,19.85,3874
Male,No,Yes,Yes,16,Yes,No,No,No internet service,No internet service,No internet service,No internet service,No internet service,No internet service,Month-to-month,No,Electronic check,20.15,341.35,5271
Female,No,Yes,No,8,Yes,No,DSL,Yes,No,No,Yes,No,Yes,Two year,No,Mailed check,65.5,564.35,2985
Male,No,No,No,10,Yes,No,Fiber optic,Yes,Yes,Yes,No,Yes,Yes,Month-to-month,Yes,Electronic check,104.4,1081.45,5035
Male,No,No,No,29,Yes,Yes,Fiber optic,No,Yes,Yes,Yes,No,Yes,One year,No,Credit card (automatic),100.55,2830.45,3055
Male,No,Yes,No,19,Yes,Yes,Fiber optic,No,No,No,No,No,Yes,Month-to-month,Yes,Electronic check,83.65,1465.75,3427
Female,No,Yes,Yes,72,Yes,Yes,Fiber optic,Yes,Yes,Yes,Yes,Yes,Yes,Two year,Yes,Bank transfer (automatic),113.1,8248.5,5308
Female,No,No,No,3,Yes,No,Fiber optic,Yes,No,Yes,No,Yes,Yes,Month-to-month,Yes,Credit card (automatic),99.0,287.4,5236
Male,No,Yes,No,44,Yes,Yes,No,No internet service,No internet service,No internet service,No internet service,No internet service,No internet service,One year,No,Electronic check,24.85,1013.6,5331
Female,No,No,No,42,Yes,Yes,Fiber optic,Yes,No,Yes,No,Yes,Yes,Month-to-month,Yes,Electronic check,105.2,4400.75,2317
Male,No,Yes,Yes,30,Yes,Yes,Fiber optic,No,Yes,No,Yes,No,No,Month-to-month,Yes,Bank transfer (automatic),83.55,2570.2,3558
Male,No,No,No,51,Yes,Yes,Fiber optic,No,Yes,No,No,No,No,Month-to-month,No,Bank transfer (automatic),81.0,4085.75,4121
Female,No,No,No,1,Yes,No,No,No internet service,No internet service,No internet service,No internet service,No internet service,No internet service,Month-to-month,No,Mailed check,19.65,19.65,5881
Male,No,Yes,Yes,23,Yes,No,No,No internet service,No internet service,No internet service,No internet service,No internet service,No internet service,One year,Yes,Credit card (automatic),20.0,445.3,2170
Female,No,Yes,No,53,Yes,No,Fiber optic,Yes,Yes,Yes,Yes,Yes,Yes,One year,No,Electronic check,110.5,5835.5,4135
Female,No,No,No,24,Yes,Yes,Fiber optic,No,No,Yes,No,Yes,Yes,Month-to-month,Yes,Electronic check,98.75,2407.3,4016
Female,No,No,No,1,Yes,No,No,No internet service,No internet service,No internet service,No internet service,No internet service,No internet service,Month-to-month,No,Mailed check,20.15,20.15,3167
Male,Yes,Yes,No,61,Yes,Yes,Fiber optic,No,Yes,Yes,Yes,Yes,No,One year,Yes,Mailed check,98.3,6066.55,5413
Male,No,No,No,22,Yes,No,Fiber optic,No,Yes,No,No,Yes,Yes,Month-to-month,Yes,Mailed check,93.2,2157.3,4093
Male,Yes,No,No,5,Yes,No,Fiber optic,No,No,No,No,Yes,Yes,Month-to-month,Yes,Electronic check,91.4,449.75,2834
Male,No,No,No,39,Yes,No,DSL,No,No,No,Yes,No,No,Two year,Yes,Bank transfer (automatic),49.8,1971.15,2202
Male,No,Yes,Yes,50,No,No phone service,DSL,Yes,No,No,No,Yes,No,Month-to-month,Yes,Credit card (automatic),39.45,2021.35,6018
Male,No,Yes,Yes,57,Yes,No,No,No internet service,No internet service,No internet service,No internet service,No internet service,No internet service,One year,No,Mailed check,19.4,1061.6,4194
Male,No,No,Yes,39,Yes,Yes,No,No internet service,No internet service,No internet service,No internet service,No internet service,No internet service,One year,No,Bank transfer (automatic),25.45,958.45,5986
Female,No,Yes,No,11,Yes,Yes,Fiber optic,Yes,No,No,Yes,Yes,No,Month-to-month,Yes,Credit card (automatic),96.2,1222.05,3101
Male,No,No,No,1,Yes,No,DSL,No,No,No,No,No,No,Month-to-month,No,Electronic check,45.3,45.3,5774
Female,No,Yes,Yes,56,Yes,Yes,Fiber optic,Yes,No,Yes,Yes,Yes,Yes,Month-to-month,Yes,Mailed check,109.6,5953.0,5012
Male,No,No,No,34,Yes,No,DSL,Yes,No,Yes,No,No,No,One year,No,Mailed check,56.95,1889.5,3441
Female,Yes,Yes,No,12,Yes,No,DSL,Yes,No,Yes,Yes,Yes,Yes,One year,Yes,Electronic check,79.2,943.85,3355
Male,No,Yes,No,1,Yes,No,Fiber optic,No,No,No,No,Yes,Yes,Month-to-month,Yes,Electronic check,90.75,90.75,5460
Male,No,No,No,19,Yes,No,No,No internet service,No internet service,No internet service,No internet service,No internet service,No internet service,One year,Yes,Credit card (automatic),19.7,386.5,4431
Male,No,Yes,No,18,Yes,Yes,Fiber optic,No,No,No,No,Yes,Yes,Month-to-month,Yes,Electronic check,94.75,1691.9,4477
Male,Yes,Yes,No,36,Yes,No,DSL,No,No,Yes,Yes,No,No,One year,No,Credit card (automatic),54.1,1992.85,4017
Male,Yes,No,No,11,Yes,Yes,DSL,Yes,Yes,No,No,No,No,Month-to-month,No,Bank transfer (automatic),60.25,662.95,5296
Female,No,No,No,56,Yes,No,Fiber optic,No,Yes,No,No,No,No,Month-to-month,Yes,Electronic check,73.85,4092.85,5276
Female,Yes,Yes,No,51,Yes,Yes,Fiber optic,Yes,No,No,No,No,No,Month-to-month,Yes,Electronic check,77.5,3807.35,5748
Female,No,Yes,No,27,Yes,Yes,Fiber optic,No,No,Yes,No,No,Yes,Month-to-month,No,Bank transfer (automatic),90.15,2423.4,5750
Female,No,No,No,1,Yes,No,Fiber optic,No,No,No,No,No,No,Month-to-month,No,Mailed check,70.9,70.9,4739
Female,Yes,Yes,Yes,4,Yes,No,DSL,No,No,No,No,No,No,Month-to-month,No,Electronic check,46.0,181.6,4797
Male,Yes,Yes,No,72,No,No phone service,DSL,Yes,Yes,Yes,Yes,Yes,Yes,Two year,Yes,Credit card (automatic),64.45,4641.1,5295
Female,Yes,No,No,52,No,No phone service,DSL,No,Yes,Yes,Yes,Yes,No,Month-to-month,Yes,Electronic check,50.5,2566.3,5185
Female,No,No,No,15,Yes,Yes,No,No internet service,No internet service,No internet service,No internet service,No internet service,No internet service,Month-to-month,Yes,Credit card (automatic),25.4,399.6,2853
Female,No,Yes,No,1,Yes,No,DSL,No,No,No,No,Yes,No,Month-to-month,No,Mailed check,55.2,55.2,3638
Female,No,No,No,63,Yes,Yes,DSL,Yes,Yes,Yes,Yes,Yes,No,Two year,Yes,Credit card (automatic),79.85,4861.45,4595
Female,No,Yes,No,14,Yes,Yes,Fiber optic,No,Yes,No,No,No,Yes,Month-to-month,Yes,Bank transfer (automatic),90.9,1259.0,5148
Female,Yes,Yes,Yes,23,Yes,No,Fiber optic,No,Yes,Yes,No,No,Yes,Month-to-month,Yes,Bank transfer (automatic),88.45,2130.55,3937
Female,Yes,Yes,No,47,Yes,Yes,Fiber optic,No,No,Yes,No,Yes,Yes,Month-to-month,No,Electronic check,99.7,4747.2,4787
Female,No,Yes,Yes,72,Yes,Yes,Fiber optic,No,Yes,Yes,Yes,Yes,Yes,Two year,Yes,Bank transfer (automatic),109.2,7711.45,6130
Female,No,No,No,48,Yes,Yes,DSL,Yes,Yes,Yes,No,Yes,Yes,One year,Yes,Credit card (automatic),83.45,3887.85,4250
Female,No,No,No,11,No,No phone service,DSL,No,No,No,No,Yes,No,Month-to-month,Yes,Mailed check,35.8,363.15,2534
Female,No,Yes,Yes,48,Yes,No,No,No internet service,No internet service,No internet service,No internet service,No internet service,No internet service,Two year,No,Mailed check,20.0,935.9,2608
Male,Yes,Yes,No,61,Yes,Yes,No,No internet service,No internet service,No internet service,No internet service,No internet service,No internet service,Two year,No,Bank transfer (automatic),25.0,1501.75,6421
Male,Yes,No,No,34,Yes,No,Fiber optic,No,No,No,No,No,No,Month-to-month,No,Credit card (automatic),69.15,2275.1,4478
Male,No,No,No,24,Yes,No,No,No internet service,No internet service,No internet service,No internet service,No internet service,No internet service,Two year,No,Mailed check,20.75,487.05,4117
Female,No,Yes,Yes,18,Yes,No,DSL,Yes,Yes,No,Yes,No,No,One year,Yes,Mailed check,61.5,1087.45,3479
Female,No,Yes,Yes,64,Yes,Yes,Fiber optic,Yes,No,No,Yes,No,No,Month-to-month,Yes,Bank transfer (automatic),86.8,5327.25,4915
Female,Yes,Yes,Yes,59,Yes,Yes,Fiber optic,No,No,Yes,No,No,Yes,Month-to-month,Yes,Credit card (automatic),88.75,5348.65,6492
Male,Yes,Yes,No,24,No,No phone service,DSL,No,No,Yes,Yes,No,No,Month-to-month,No,Mailed check,34.25,828.2,2525
Male,No,Yes,Yes,0,Yes,Yes,No,No internet service,No internet service,No internet service,No internet service,No internet service,No internet service,Two year,No,Mailed check,25.35,0.0,2299
Female,No,No,No,60,Yes,Yes,No,No internet service,No internet service,No internet service,No internet service,No internet service,No internet service,Two year,No,Mailed check,25.0,1505.05,6355
Female,No,No,No,41,Yes,Yes,DSL,Yes,No,Yes,Yes,No,Yes,Month-to-month,Yes,Bank transfer (automatic),74.65,3090.65,3859
Male,Yes,No,No,3,Yes,Yes,Fiber optic,No,Yes,No,No,No,No,Month-to-month,Yes,Electronic check,81.35,233.7,2818
Male,No,Yes,No,72,Yes,Yes,Fiber optic,No,Yes,Yes,Yes,Yes,Yes,Two year,Yes,Electronic check,108.4,7719.5,4394
Male,No,Yes,No,47,Yes,Yes,Fiber optic,Yes,No,Yes,Yes,Yes,Yes,One year,Yes,Credit card (automatic),110.85,5275.8,3344
Male,No,No,No,21,Yes,Yes,Fiber optic,No,No,No,No,No,No,Month-to-month,No,Mailed check,75.3,1570.7,2847
Female,No,No,No,41,Yes,Yes,Fiber optic,No,No,Yes,No,Yes,Yes,Month-to-month,No,Bank transfer (automatic),98.05,3990.6,5614
Male,No,Yes,No,6,Yes,Yes,Fiber optic,No,No,No,No,Yes,No,Month-to-month,Yes,Electronic check,82.85,460.25,4458
Male,No,No,No,17,Yes,No,No,No internet service,No internet service,No internet service,No internet service,No internet service,No internet service,Month-to-month,No,Credit card (automatic),21.1,385.55,2842
Female,No,Yes,Yes,72,Yes,No,No,No internet service,No internet service,No internet service,No internet service,No internet service,No internet service,Two year,No,Bank transfer (automatic),20.1,1460.85,4598
Male,No,No,Yes,13,Yes,No,DSL,Yes,No,No,No,No,No,Month-to-month,Yes,Credit card (automatic),52.1,670.65,4929
Female,No,Yes,No,72,Yes,Yes,DSL,Yes,Yes,No,Yes,No,No,Two year,No,Bank transfer (automatic),64.75,4804.75,4675
Male,No,Yes,No,15,Yes,Yes,Fiber optic,No,No,Yes,Yes,Yes,Yes,Month-to-month,Yes,Electronic check,103.45,1539.8,5640
Female,No,No,No,3,No,No phone service,DSL,No,No,No,No,Yes,No,Month-to-month,Yes,Credit card (automatic),34.8,113.95,2496
Female,No,No,No,46,Yes,No,Fiber optic,No,No,Yes,No,No,No,Month-to-month,Yes,Credit card (automatic),74.8,3548.3,3395
Male,No,Yes,No,72,Yes,Yes,No,No internet service,No internet service,No internet service,No internet service,No internet service,No internet service,Two year,Yes,Bank transfer (automatic),23.55,1723.95,5901
Female,No,No,No,15,Yes,No,DSL,No,No,No,No,Yes,No,One year,No,Mailed check,56.15,931.9,5473
Female,No,Yes,No,64,Yes,Yes,Fiber optic,No,Yes,Yes,Yes,Yes,Yes,Month-to-month,Yes,Electronic check,111.15,6953.4,5455
Female,No,Yes,Yes,67,Yes,No,Fiber optic,Yes,Yes,Yes,No,No,No,One year,No,Bank transfer (automatic),84.8,5598.3,6072
Male,No,No,No,1,Yes,No,No,No internet service,No internet service,No internet service,No internet service,No internet service,No internet service,Month-to-month,No,Mailed check,20.45,20.45,4845
Male,No,Yes,No,51,Yes,Yes,DSL,No,No,No,Yes,Yes,Yes,Two year,Yes,Bank transfer (automatic),75.2,3901.25,4708
Female,No,No,No,51,No,No phone service,DSL,Yes,No,Yes,Yes,Yes,Yes,One year,No,Bank transfer (automatic),60.15,3077.0,5404
Male,No,No,No,5,No,No phone service,DSL,Yes,Yes,Yes,Yes,No,No,Month-to-month,Yes,Mailed check,43.25,219.0,5824
Female,No,No,No,4,Yes,Yes,No,No internet service,No internet service,No internet service,No internet service,No internet service,No internet service,Two year,Yes,Credit card (automatic),25.3,116.95,3808
Male,No,Yes,No,35,Yes,Yes,DSL,Yes,Yes,Yes,Yes,No,No,Two year,Yes,Credit card (automatic),69.15,2490.15,3945
Female,No,Yes,No,71,Yes,Yes,No,No internet service,No internet service,No internet service,No internet service,No internet service,No internet service,Two year,Yes,Credit card (automatic),24.25,1732.95,5409
Female,No,No,No,13,Yes,No,Fiber optic,No,No,No,No,Yes,No,Month-to-month,Yes,Mailed check,81.9,1028.9,2054
Female,No,No,No,3,Yes,No,No,No internet service,No internet service,No internet service,No internet service,No internet service,No internet service,Month-to-month,No,Electronic check,20.2,65.95,4369
Male,No,Yes,No,30,Yes,No,No,No internet service,No internet service,No internet service,No internet service,No internet service,No internet service,Two year,No,Mailed check,19.05,637.55,2347
Male,Yes,Yes,No,20,Yes,No,Fiber optic,No,Yes,No,No,No,No,Month-to-month,Yes,Electronic check,73.65,1463.5,5849
Female,No,No,No,64,Yes,Yes,DSL,Yes,Yes,Yes,Yes,Yes,Yes,Two year,Yes,Credit card (automatic),86.4,5442.05,6474
Female,No,Yes,No,59,Yes,No,No,No internet service,No internet service,No internet service,No internet service,No internet service,No internet service,Two year,No,Bank transfer (automatic),18.4,1057.85,4375
Female,Yes,No,No,1,Yes,No,DSL,Yes,No,Yes,No,No,No,Month-to-month,Yes,Electronic check,55.8,55.8,5527
Male,Yes,No,No,57,Yes,Yes,Fiber optic,Yes,No,No,Yes,No,Yes,Two year,No,Electronic check,93.75,5625.55,4276
Male,No,Yes,Yes,66,No,No phone service,DSL,No,No,No,Yes,Yes,Yes,Two year,No,Bank transfer (automatic),50.55,3364.55,4652
Male,No,No,Yes,25,No,No phone service,DSL,Yes,No,No,No,Yes,No,One year,Yes,Credit card (automatic),40.65,970.55,5079
Male,No,No,No,10,No,No phone service,DSL,No,No,Yes,No,No,No,Month-to-month,No,Mailed check,29.5,255.25,3797
Female,No,No,No,4,Yes,No,No,No internet service,No internet service,No internet service,No internet service,No internet service,No internet service,Month-to-month,No,Mailed check,20.35,77.5,5984
Female,No,Yes,No,72,Yes,Yes,DSL,Yes,Yes,Yes,Yes,Yes,Yes,Two year,No,Bank transfer (automatic),92.0,6474.4,6434
Male,Yes,Yes,No,71,Yes,Yes,Fiber optic,Yes,Yes,Yes,Yes,Yes,Yes,Two year,Yes,Bank transfer (automatic),115.05,8016.6,4438
Female,No,No,No,41,Yes,No,No,No internet service,No internet service,No internet service,No internet service,No internet service,No internet service,One year,Yes,Mailed check,19.75,806.95,5678
Male,No,Yes,Yes,9,Yes,No,No,No internet service,No internet service,No internet service,No internet service,No internet service,No internet service,Two year,No,Mailed check,19.6,197.4,4406
Male,No,No,No,1,Yes,No,DSL,No,No,Yes,No,No,No,Month-to-month,No,Mailed check,50.9,50.9,5111
Female,No,No,No,1,Yes,No,Fiber optic,Yes,No,No,No,No,No,Month-to-month,Yes,Mailed check,73.6,73.6,2565
Female,No,Yes,Yes,65,Yes,Yes,Fiber optic,Yes,No,Yes,Yes,Yes,Yes,Two year,No,Electronic check,109.3,7337.55,6087
Female,No,No,No,4,Yes,Yes,Fiber optic,No,No,No,No,No,No,Month-to-month,No,Electronic check,75.35,338.1,2220
Female,No,No,No,1,Yes,No,Fiber optic,No,Yes,No,No,No,No,Month-to-month,No,Electronic check,74.35,74.35,4237
Male,No,No,No,1,Yes,No,DSL,No,No,No,No,No,No,Month-to-month,Yes,Electronic check,42.9,42.9,4895
Female,No,No,No,7,Yes,No,No,No internet service,No internet service,No internet service,No internet service,No internet service,No internet service,Month-to-month,No,Mailed check,20.65,155.9,2100
Male,No,No,No,5,Yes,No,No,No internet service,No internet service,No internet service,No internet service,No internet service,No internet service,Month-to-month,No,Mailed check,20.35,92.75,2303
Male,No,Yes,No,12,Yes,No,DSL,No,No,No,No,No,Yes,One year,No,Credit card (automatic),53.65,696.35,2595
Female,Yes,No,No,55,Yes,Yes,Fiber optic,No,No,Yes,No,Yes,Yes,One year,Yes,Electronic check,100.0,5509.3,5679
Male,No,No,No,54,No,No phone service,DSL,Yes,No,No,Yes,Yes,No,Two year,No,Credit card (automatic),45.2,2460.55,5435
Female,Yes,Yes,No,2,Yes,No,Fiber optic,No,No,No,No,No,No,Month-to-month,Yes,Electronic check,69.3,153.8,2901
Male,No,Yes,Yes,23,Yes,No,No,No internet service,No internet service,No internet service,No internet service,No internet service,No internet service,Two year,No,Credit card (automatic),19.6,426.65,4617
Male,No,No,No,15,Yes,Yes,Fiber optic,No,Yes,No,Yes,No,Yes,Month-to-month,No,Electronic check,95.7,1451.1,4999
Female,No,No,No,2,Yes,No,DSL,No,Yes,No,No,No,No,Month-to-month,Yes,Mailed check,49.6,114.7,3599
Male,No,No,No,56,Yes,Yes,Fiber optic,No,Yes,No,No,Yes,Yes,Month-to-month,No,Electronic check,98.6,5581.05,5601
Female,No,Yes,No,65,Yes,Yes,Fiber optic,Yes,No,Yes,No,Yes,Yes,Month-to-month,Yes,Electronic check,105.05,6914.95,5313
Male,No,Yes,No,28,Yes,No,Fiber optic,No,Yes,Yes,Yes,Yes,No,One year,No,Bank transfer (automatic),92.9,2768.35,2037
Female,No,No,No,1,No,No phone service,DSL,No,No,No,No,No,No,Month-to-month,No,Mailed check,25.2,25.2,3196
Female,No,No,Yes,8,No,No phone service,DSL,Yes,No,No,No,No,Yes,Month-to-month,Yes,Electronic check,38.5,330.8,4194
Female,No,Yes,No,23,Yes,No,DSL,Yes,No,Yes,Yes,No,Yes,One year,Yes,Bank transfer (automatic),68.75,1689.45,3519
Male,No,No,No,17,Yes,Yes,DSL,Yes,No,No,No,No,Yes,Month-to-month,No,Bank transfer (automatic),65.75,1111.2,3921
Male,No,No,No,30,Yes,No,DSL,Yes,Yes,No,Yes,Yes,No,One year,No,Electronic check,70.4,2044.75,3380
Female,Yes,Yes,No,67,Yes,Yes,Fiber optic,Yes,Yes,No,No,Yes,Yes,One year,Yes,Electronic check,105.6,7112.15,5768
Male,No,Yes,Yes,1,Yes,No,Fiber optic,No,No,No,No,No,Yes,Month-to-month,Yes,Electronic check,81.05,81.05,4396
Female,No,Yes,No,16,No,No phone service,DSL,No,No,No,Yes,Yes,Yes,Month-to-month,Yes,Electronic check,49.95,810.2,4840
Female,No,No,No,1,Yes,No,No,No internet service,No internet service,No internet service,No internet service,No internet service,No internet service,Month-to-month,No,Mailed check,19.85,19.85,4905
Female,No,Yes,No,59,Yes,Yes,Fiber optic,Yes,Yes,Yes,Yes,No,Yes,One year,Yes,Credit card (automatic),107.0,6152.3,4620
Female,Yes,Yes,No,20,Yes,Yes,Fiber optic,No,No,Yes,No,Yes,No,Month-to-month,No,Electronic check,90.8,1951.0,2312
Female,No,No,No,13,Yes,No,DSL,Yes,No,No,No,Yes,Yes,Month-to-month,Yes,Electronic check,71.95,923.85,3605
Female,No,No,No,28,Yes,Yes,Fiber optic,No,Yes,No,No,No,Yes,Month-to-month,Yes,Electronic check,89.95,2625.55,2468
Female,No,Yes,No,53,Yes,Yes,Fiber optic,No,No,No,Yes,No,Yes,One year,Yes,Electronic check,91.15,4862.5,6439
Female,No,No,No,7,Yes,No,No,No internet service,No internet service,No internet service,No internet service,No internet service,No internet service,Month-to-month,No,Bank transfer (automatic),20.0,137.6,4479
Female,No,Yes,Yes,40,Yes,Yes,No,No internet service,No internet service,No internet service,No internet service,No internet service,No internet service,Two year,Yes,Mailed check,24.8,1024.7,3021
Male,No,No,No,68,Yes,Yes,No,No internet service,No internet service,No internet service,No internet service,No internet service,No internet service,Two year,Yes,Bank transfer (automatic),24.15,1498.85,5987
Male,No,Yes,Yes,1,Yes,No,Fiber optic,No,No,No,No,No,No,Month-to-month,Yes,Mailed check,70.65,70.65,3463
Female,No,Yes,Yes,62,Yes,Yes,Fiber optic,No,Yes,No,Yes,Yes,Yes,One year,Yes,Credit card (automatic),106.05,6703.5,6361
Male,No,No,No,28,Yes,No,Fiber optic,No,Yes,No,Yes,Yes,No,One year,Yes,Bank transfer (automatic),91.25,2483.65,2886
Male,Yes,Yes,No,62,Yes,Yes,Fiber optic,Yes,Yes,Yes,No,No,No,Month-to-month,Yes,Electronic check,89.1,5618.3,4415
Male,No,No,Yes,21,Yes,No,DSL,No,No,No,No,No,No,Month-to-month,No,Mailed check,45.65,985.05,5731
Female,Yes,No,No,41,Yes,No,Fiber optic,No,No,Yes,Yes,Yes,Yes,One year,Yes,Bank transfer (automatic),101.1,4016.2,2227
Male,No,Yes,Yes,6,Yes,No,Fiber optic,No,No,No,No,No,No,Month-to-month,Yes,Electronic check,69.8,377.85,2651
Male,Yes,Yes,No,49,Yes,Yes,Fiber optic,No,Yes,No,No,No,Yes,Month-to-month,No,Credit card (automatic),90.05,4547.25,5059
Female,No,Yes,Yes,67,Yes,Yes,Fiber optic,Yes,No,Yes,Yes,Yes,Yes,One year,Yes,Electronic check,109.4,7281.6,4103
Female,No,No,No,45,Yes,No,Fiber optic,Yes,Yes,No,No,Yes,Yes,One year,Yes,Electronic check,100.3,4483.95,4868
Male,No,Yes,No,59,Yes,No,No,No internet service,No internet service,No internet service,No internet service,No internet service,No internet service,Two year,No,Credit card (automatic),19.3,1192.7,4149
Female,No,No,No,1,Yes,No,Fiber optic,No,Yes,No,Yes,Yes,No,Month-to-month,No,Electronic check,91.7,91.7,4319
Male,No,Yes,Yes,72,Yes,Yes,Fiber optic,Yes,Yes,Yes,Yes,No,Yes,One year,Yes,Credit card (automatic),104.9,7537.5,4927
Male,No,Yes,Yes,67,Yes,No,No,No internet service,No internet service,No internet service,No internet service,No internet service,No internet service,Two year,Yes,Mailed check,20.8,1411.9,5626
Female,No,Yes,Yes,44,Yes,No,No,No internet service,No internet service,No internet service,No internet service,No internet service,No internet service,Month-to-month,No,Mailed check,19.6,780.25,5584
Female,No,No,No,1,Yes,No,DSL,No,No,No,No,No,No,Month-to-month,Yes,Mailed check,44.0,44.0,4138
Female,Yes,No,No,71,Yes,Yes,Fiber optic,No,Yes,Yes,No,Yes,Yes,One year,Yes,Electronic check,105.9,7521.95,5479
Male,Yes,No,No,5,Yes,No,Fiber optic,No,No,No,No,No,No,Month-to-month,Yes,Mailed check,71.45,371.6,5171
Female,Yes,Yes,Yes,66,Yes,Yes,Fiber optic,Yes,Yes,No,Yes,Yes,Yes,One year,Yes,Credit card (automatic),110.6,7210.85,5418
Male,Yes,Yes,No,32,Yes,Yes,Fiber optic,No,Yes,Yes,No,No,Yes,Month-to-month,Yes,Electronic check,93.5,2970.8,5804
Male,No,No,No,52,Yes,No,DSL,Yes,Yes,No,No,Yes,No,Two year,Yes,Credit card (automatic),63.25,3342.45,6471
Male,No,No,No,1,Yes,No,DSL,No,No,No,No,No,No,Month-to-month,No,Mailed check,44.4,44.4,3522
Male,No,No,No,18,Yes,No,No,No internet service,No internet service,No internet service,No internet service,No internet service,No internet service,Month-to-month,No,Mailed check,20.05,358.5,4204
Male,No,No,No,66,Yes,No,DSL,Yes,Yes,No,No,No,No,One year,Yes,Mailed check,54.8,3465.7,4621
Male,No,Yes,No,38,Yes,No,Fiber optic,Yes,Yes,No,No,No,No,Month-to-month,Yes,Electronic check,79.45,3013.05,2405
Male,No,Yes,Yes,15,Yes,No,Fiber optic,Yes,No,No,Yes,Yes,Yes,One year,No,Electronic check,101.9,1667.25,3707
Female,No,Yes,Yes,46,Yes,Yes,Fiber optic,Yes,No,Yes,Yes,No,Yes,Two year,No,Mailed check,99.65,4630.2,4736
Female,No,Yes,No,65,Yes,Yes,Fiber optic,Yes,Yes,No,Yes,Yes,No,One year,Yes,Bank transfer (automatic),100.15,6643.5,4915
Female,No,Yes,No,68,Yes,Yes,No,No internet service,No internet service,No internet service,No internet service,No internet service,No internet service,Two year,No,Credit card (automatic),25.8,1911.5,4747
Male,No,Yes,Yes,13,Yes,No,Fiber optic,No,No,Yes,No,Yes,Yes,Month-to-month,No,Electronic check,97.0,1334.45,5282
Female,No,No,No,10,Yes,Yes,Fiber optic,No,No,No,Yes,Yes,Yes,Month-to-month,Yes,Electronic check,98.5,1058.25,5184
Male,No,No,No,25,Yes,No,No,No internet service,No internet service,No internet service,No internet service,No internet service,No internet service,One year,Yes,Bank transfer (automatic),19.5,516.3,4761
Male,No,No,No,10,Yes,Yes,No,No internet service,No internet service,No internet service,No internet service,No internet service,No internet service,Two year,No,Bank transfer (automatic),25.7,251.6,3611
Male,No,Yes,No,72,Yes,Yes,No,No internet service,No internet service,No internet service,No internet service,No internet service,No internet service,Two year,No,Credit card (automatic),25.85,1872.2,5514
Male,No,No,No,3,Yes,No,DSL,No,No,No,Yes,No,No,Month-to-month,Yes,Mailed check,50.25,152.3,2166
Male,No,No,No,2,Yes,Yes,DSL,No,Yes,No,No,No,No,Month-to-month,Yes,Mailed check,54.4,114.1,2556
Male,No,Yes,No,38,Yes,No,DSL,Yes,No,Yes,Yes,Yes,Yes,Two year,No,Credit card (automatic),81.0,3084.9,3067
Male,No,Yes,No,62,Yes,Yes,Fiber optic,No,No,Yes,Yes,Yes,Yes,Two year,Yes,Bank transfer (automatic),107.6,6912.7,4697
Male,Yes,Yes,Yes,11,Yes,Yes,Fiber optic,No,No,No,No,No,No,Month-to-month,Yes,Credit card (automatic),75.2,775.3,5193
Female,No,No,No,3,Yes,No,Fiber optic,No,No,Yes,Yes,No,No,Month-to-month,No,Credit card (automatic),80.1,217.55,4330
Male,No,Yes,No,49,No,No phone service,DSL,No,Yes,No,No,Yes,Yes,One year,Yes,Bank transfer (automatic),51.8,2541.25,5375
Male,No,No,No,17,Yes,No,No,No internet service,No internet service,No internet service,No internet service,No internet service,No internet service,Two year,No,Credit card (automatic),19.45,369.05,5347
Female,No,No,No,8,Yes,No,No,No internet service,No internet service,No internet service,No internet service,No internet service,No internet service,Month-to-month,Yes,Mailed check,20.7,137.6,3330
Male,No,No,No,2,Yes,No,DSL,No,No,No,Yes,No,No,Month-to-month,Yes,Credit card (automatic),50.2,109.25,4697
Male,No,No,No,3,Yes,No,Fiber optic,No,No,Yes,Yes,Yes,No,Month-to-month,Yes,Mailed check,88.35,262.05,5202
Female,Yes,No,No,9,Yes,Yes,Fiber optic,No,No,No,No,No,Yes,Month-to-month,Yes,Electronic check,84.45,762.5,3543
Male,No,Yes,No,70,Yes,Yes,No,No internet service,No internet service,No internet service,No internet service,No internet service,No internet service,Two year,No,Bank transfer (automatic),24.25,1724.15,4118
Male,No,Yes,Yes,32,Yes,No,Fiber optic,Yes,Yes,Yes,No,No,Yes,One year,No,Mailed check,94.8,3131.55,5288
Male,No,Yes,Yes,22,Yes,No,Fiber optic,Yes,No,No,No,No,No,Month-to-month,No,Bank transfer (automatic),75.0,1573.95,4040
Female,No,Yes,Yes,14,Yes,No,No,No internet service,No internet service,No internet service,No internet service,No internet service,No internet service,One year,Yes,Mailed check,19.5,272.0,2993
Male,No,Yes,No,2,Yes,No,Fiber optic,No,No,Yes,Yes,No,Yes,Month-to-month,No,Credit card (automatic),90.0,190.05,3902
Male,No,Yes,No,68,Yes,Yes,No,No internet service,No internet service,No internet service,No internet service,No internet service,No internet service,Two year,No,Bank transfer (automatic),25.25,1728.2,4571
Male,No,No,No,14,Yes,No,No,No internet service,No internet service,No internet service,No internet service,No internet service,No internet service,One year,No,Bank transfer (automatic),20.4,275.7,5068
Female,No,No,No,2,Yes,No,Fiber optic,Yes,Yes,No,No,Yes,No,Month-to-month,Yes,Electronic check,91.15,168.5,2686
Female,No,No,No,2,Yes,No,Fiber optic,No,No,No,No,Yes,No,Month-to-month,Yes,Electronic check,79.75,164.5,5172
Female,No,Yes,No,48,Yes,No,Fiber optic,No,Yes,Yes,No,Yes,Yes,One year,Yes,Electronic check,97.05,4692.95,5893
Female,No,Yes,No,6,Yes,No,DSL,No,No,No,Yes,No,No,Month-to-month,Yes,Electronic check,49.15,270.8,5271
Male,Yes,Yes,No,43,Yes,Yes,Fiber optic,No,Yes,Yes,No,Yes,Yes,Month-to-month,Yes,Electronic check,103.0,4414.3,2505
Female,No,No,No,36,Yes,No,DSL,Yes,Yes,Yes,Yes,No,Yes,One year,Yes,Mailed check,75.55,2680.15,3235
Male,No,No,No,66,Yes,No,Fiber optic,No,Yes,Yes,No,Yes,Yes,Month-to-month,No,Electronic check,99.5,6710.5,4001
Male,No,Yes,Yes,58,Yes,No,Fiber optic,No,Yes,No,No,Yes,Yes,Month-to-month,Yes,Electronic check,92.85,5305.05,4879
Female,No,No,No,23,Yes,Yes,Fiber optic,Yes,No,No,No,Yes,No,Month-to-month,Yes,Bank transfer (automatic),90.05,2169.8,4650
Male,No,No,No,1,Yes,Yes,Fiber optic,No,No,Yes,No,Yes,Yes,Month-to-month,Yes,Electronic check,101.45,101.45,4390
Female,No,No,No,15,Yes,No,No,No internet service,No internet service,No internet service,No internet service,No internet service,No internet service,One year,No,Credit card (automatic),20.1,302.45,4359
Male,No,Yes,Yes,71,Yes,No,Fiber optic,Yes,Yes,Yes,Yes,Yes,No,Two year,No,Credit card (automatic),100.2,7209.0,5502
Female,No,No,No,12,Yes,Yes,Fiber optic,No,Yes,No,No,No,Yes,Month-to-month,Yes,Electronic check,89.15,1057.55,4041
Male,No,No,No,1,Yes,No,DSL,No,No,No,No,No,No,Month-to-month,No,Mailed check,45.05,45.05,4094
Male,Yes,No,No,9,Yes,No,DSL,No,No,No,Yes,No,No,Month-to-month,No,Mailed check,49.2,447.9,2145
Male,No,Yes,Yes,30,Yes,No,No,No internet service,No internet service,No internet service,No internet service,No internet service,No internet service,Two year,No,Mailed check,21.25,711.9,3047
Male,Yes,No,No,35,Yes,Yes,Fiber optic,No,No,Yes,No,Yes,Yes,Month-to-month,Yes,Electronic check,101.4,3496.3,3689
Female,No,Yes,No,49,Yes,Yes,DSL,No,No,No,No,No,No,Month-to-month,Yes,Credit card (automatic),52.15,2583.75,5224
Female,No,Yes,Yes,61,No,No phone service,DSL,No,Yes,Yes,Yes,Yes,Yes,Two year,Yes,Bank transfer (automatic),61.45,3751.15,5063
Female,No,Yes,No,70,No,No phone service,DSL,Yes,Yes,Yes,Yes,Yes,Yes,Two year,No,Bank transfer (automatic),64.55,4504.9,4858
Female,No,No,No,10,Yes,Yes,Fiber optic,No,No,Yes,No,Yes,Yes,Month-to-month,Yes,Electronic check,100.6,1060.2,4001
Male,No,Yes,Yes,72,Yes,Yes,No,No internet service,No internet service,No internet service,No internet service,No internet service,No internet service,Two year,No,Mailed check,26.1,1851.45,5475
Female,No,Yes,Yes,62,Yes,No,DSL,Yes,No,Yes,No,No,No,One year,No,Credit card (automatic),54.75,3425.35,5010
Female,No,Yes,Yes,8,Yes,No,DSL,No,No,No,No,No,No,Month-to-month,Yes,Electronic check,45.45,411.75,4651
Male,No,No,No,2,Yes,No,Fiber optic,No,No,No,No,Yes,No,Month-to-month,Yes,Electronic check,79.95,174.45,5213
Male,No,No,Yes,49,Yes,Yes,Fiber optic,No,Yes,Yes,No,Yes,Yes,Month-to-month,Yes,Bank transfer (automatic),103.7,5036.3,5340
Male,No,No,No,1,Yes,No,No,No internet service,No internet service,No internet service,No internet service,No internet service,No internet service,Month-to-month,No,Mailed check,19.45,19.45,2133
Male,No,Yes,No,25,Yes,No,Fiber optic,No,No,No,Yes,Yes,Yes,Month-to-month,Yes,Credit card (automatic),95.7,2338.35,4535
Male,No,No,No,72,Yes,No,DSL,Yes,Yes,Yes,Yes,Yes,No,Two year,Yes,Bank transfer (automatic),75.1,5336.35,6284
Female,No,No,No,39,No,No phone service,DSL,No,No,Yes,No,Yes,Yes,Month-to-month,Yes,Credit card (automatic),50.65,1905.4,5433
Female,No,Yes,Yes,3,Yes,Yes,DSL,No,Yes,Yes,No,Yes,No,Month-to-month,Yes,Bank transfer (automatic),69.15,235.0,2301
Female,No,Yes,No,69,Yes,Yes,Fiber optic,No,Yes,Yes,No,Yes,Yes,Month-to-month,Yes,Electronic check,103.95,7446.9,4283
Male,No,No,No,16,Yes,No,No,No internet service,No internet service,No internet service,No internet service,No internet service,No internet service,Month-to-month,No,Credit card (automatic),19.75,294.9,5433
Female,No,No,No,12,No,No phone service,DSL,Yes,No,No,Yes,No,No,One year,Yes,Mailed check,33.6,435.45,2990
Male,No,Yes,No,71,Yes,Yes,DSL,Yes,Yes,No,Yes,No,No,One year,Yes,Credit card (automatic),66.85,4748.7,4117
Female,No,Yes,Yes,12,Yes,No,No,No internet service,No internet service,No internet service,No internet service,No internet service,No internet service,Month-to-month,No,Bank transfer (automatic),19.4,198.1,3713
Male,Yes,No,No,71,Yes,Yes,Fiber optic,No,Yes,No,Yes,Yes,Yes,Two year,Yes,Electronic check,106.8,7623.2,6423
Male,No,Yes,Yes,46,Yes,No,DSL,Yes,No,Yes,Yes,No,No,One year,No,Mailed check,56.9,2560.1,4258
Female,No,Yes,Yes,72,Yes,Yes,DSL,Yes,Yes,Yes,Yes,Yes,Yes,Two year,No,Bank transfer (automatic),92.65,6733.0,6342
Female,No,No,No,22,Yes,Yes,Fiber optic,No,No,No,No,No,No,One year,Yes,Credit card (automatic),76.0,1783.6,2031
Male,No,Yes,No,1,Yes,No,DSL,Yes,No,Yes,No,No,No,Month-to-month,No,Mailed check,55.7,55.7,5664
Female,No,Yes,Yes,72,Yes,Yes,Fiber optic,Yes,Yes,Yes,Yes,Yes,Yes,Two year,Yes,Credit card (automatic),116.4,8543.25,6491
Male,No,No,No,41,Yes,Yes,No,No internet service,No internet service,No internet service,No internet service,No internet service,No internet service,Month-to-month,Yes,Bank transfer (automatic),25.25,996.45,3461
Female,No,Yes,No,53,Yes,No,Fiber optic,No,No,Yes,No,Yes,Yes,One year,Yes,Bank transfer (automatic),94.85,5000.2,4328
Female,No,Yes,Yes,62,Yes,Yes,Fiber optic,Yes,No,No,No,Yes,Yes,Two year,Yes,Bank transfer (automatic),101.15,6638.35,5735
Female,No,No,No,2,Yes,Yes,Fiber optic,No,No,No,No,Yes,Yes,Month-to-month,Yes,Electronic check,96.0,174.8,3391
Female,No,Yes,Yes,69,Yes,Yes,Fiber optic,No,Yes,No,Yes,No,Yes,Two year,Yes,Bank transfer (automatic),93.3,6398.05,5205
Female,No,No,No,4,Yes,No,DSL,No,No,No,No,No,No,Month-to-month,Yes,Mailed check,45.3,196.95,3443
Female,No,No,No,9,Yes,No,DSL,No,No,No,Yes,Yes,No,Month-to-month,Yes,Bank transfer (automatic),59.5,530.05,4011
Male,No,No,No,63,Yes,Yes,DSL,Yes,Yes,Yes,Yes,No,No,One year,No,Electronic check,71.5,4576.3,5342
Male,No,No,No,5,Yes,Yes,DSL,No,No,No,No,No,No,Month-to-month,No,Electronic check,47.15,223.15,2857
Female,No,No,No,41,Yes,No,No,No internet service,No internet service,No internet service,No internet service,No internet service,No internet service,Two year,No,Mailed check,20.65,835.15,5918
Female,No,No,No,5,Yes,Yes,Fiber optic,No,No,No,No,Yes,Yes,Month-to-month,Yes,Mailed check,93.9,486.85,5435
Male,Yes,Yes,No,2,Yes,No,Fiber optic,No,No,Yes,No,Yes,Yes,Month-to-month,Yes,Credit card (automatic),95.5,181.65,4449
Male,No,Yes,No,33,Yes,No,DSL,Yes,Yes,No,Yes,No,No,Two year,Yes,Mailed check,61.05,2018.4,3215
Male,No,No,No,1,Yes,No,No,No internet service,No internet service,No internet service,No internet service,No internet service,No internet service,Month-to-month,No,Mailed check,19.2,19.2,4629
Female,No,Yes,No,51,Yes,Yes,No,No internet service,No internet service,No internet service,No internet service,No internet service,No internet service,Two year,No,Mailed check,25.5,1281.25,5447
Female,Yes,No,No,8,Yes,Yes,Fiber optic,No,No,Yes,No,Yes,Yes,Month-to-month,No,Electronic check,101.35,780.5,5546
Male,Yes,No,No,7,Yes,Yes,Fiber optic,No,No,No,No,No,No,Month-to-month,No,Mailed check,73.75,545.15,5638
Male,No,No,No,5,Yes,Yes,Fiber optic,No,Yes,Yes,No,Yes,Yes,Month-to-month,No,Mailed check,104.1,541.9,3131
Female,No,No,No,1,Yes,No,Fiber optic,No,No,No,No,No,Yes,Month-to-month,No,Credit card (automatic),80.15,80.15,3947
Female,No,No,No,19,No,No phone service,DSL,No,No,No,No,Yes,Yes,One year,Yes,Credit card (automatic),44.85,893.55,5182
Female,No,No,No,36,Yes,Yes,Fiber optic,No,Yes,No,No,Yes,Yes,Month-to-month,Yes,Electronic check,99.15,3615.6,4188
Female,No,No,No,68,Yes,No,DSL,Yes,No,Yes,No,No,No,One year,Yes,Credit card (automatic),54.45,3674.95,6309
Female,Yes,No,No,39,Yes,Yes,Fiber optic,No,No,Yes,No,Yes,Yes,Month-to-month,Yes,Electronic check,99.75,4036.0,3860
Male,Yes,No,No,15,Yes,Yes,Fiber optic,No,Yes,No,No,No,No,Month-to-month,Yes,Electronic check,80.2,1217.25,4958
Male,No,Yes,Yes,72,Yes,No,No,No internet service,No internet service,No internet service,No internet service,No internet service,No internet service,Two year,No,Bank transfer (automatic),21.0,1493.75,4974
Male,No,Yes,No,7,No,No phone service,DSL,Yes,Yes,No,No,No,No,Month-to-month,No,Mailed check,34.2,256.6,5100
Male,No,Yes,No,71,Yes,Yes,No,No internet service,No internet service,No internet service,No internet service,No internet service,No internet service,Two year,No,Bank transfer (automatic),24.45,1730.65,4766
Male,No,Yes,Yes,14,Yes,No,DSL,Yes,Yes,No,No,Yes,No,Month-to-month,Yes,Electronic check,65.45,937.6,2881
Male,No,Yes,No,22,Yes,No,No,No internet service,No internet service,No internet service,No internet service,No internet service,No internet service,Month-to-month,Yes,Bank transfer (automatic),20.45,471.55,3727
Female,Yes,No,No,72,Yes,Yes,Fiber optic,Yes,Yes,Yes,Yes,Yes,Yes,Two year,Yes,Credit card (automatic),117.35,8436.25,4008
Male,No,Yes,No,52,Yes,Yes,Fiber optic,Yes,No,Yes,Yes,No,No,Two year,Yes,Credit card (automatic),91.6,4627.8,6069
Female,No,No,No,35,Yes,No,DSL,No,No,Yes,No,No,Yes,Month-to-month,Yes,Electronic check,62.1,2096.1,5315
Female,No,Yes,No,50,Yes,No,No,No internet service,No internet service,No internet service,No internet service,No internet service,No internet service,Two year,No,Bank transfer (automatic),20.15,930.9,5849
Female,No,Yes,No,57,Yes,Yes,Fiber optic,Yes,No,No,No,Yes,Yes,Month-to-month,Yes,Electronic check,99.65,5497.05,5106
Female,No,Yes,Yes,67,Yes,Yes,Fiber optic,No,Yes,Yes,Yes,Yes,Yes,One year,Yes,Credit card (automatic),112.35,7388.45,5427
Male,No,No,No,11,Yes,No,Fiber optic,Yes,No,Yes,No,No,No,Month-to-month,Yes,Bank transfer (automatic),79.5,795.65,2278
Male,No,Yes,No,35,Yes,Yes,DSL,No,Yes,No,Yes,Yes,No,One year,Yes,Electronic check,69.0,2441.7,5283
Male,Yes,Yes,No,1,Yes,Yes,Fiber optic,No,No,No,No,No,No,Month-to-month,Yes,Electronic check,73.55,73.55,4369
Female,No,No,No,29,Yes,Yes,Fiber optic,No,No,No,No,No,No,Month-to-month,Yes,Electronic check,74.2,1993.25,3982
Female,No,No,No,32,Yes,No,No,No internet service,No internet service,No internet service,No internet service,No internet service,No internet service,One year,No,Bank transfer (automatic),20.55,654.55,5358
Male,No,No,No,20,Yes,No,DSL,No,Yes,No,No,No,No,Month-to-month,Yes,Mailed check,51.8,1023.85,2764
Female,No,Yes,Yes,22,Yes,No,No,No internet service,No internet service,No internet service,No internet service,No internet service,No internet service,Month-to-month,No,Bank transfer (automatic),19.05,454.05,4312
Female,No,No,No,26,Yes,Yes,Fiber optic,No,No,No,No,No,No,Month-to-month,Yes,Bank transfer (automatic),74.95,1834.95,2934
Male,No,No,No,22,No,No phone service,DSL,No,No,Yes,Yes,Yes,Yes,Two year,No,Bank transfer (automatic),56.75,1304.85,4574
Male,No,Yes,No,70,Yes,Yes,No,No internet service,No internet service,No internet service,No internet service,No internet service,No internet service,Two year,No,Bank transfer (automatic),25.15,1940.85,4279
Female,No,Yes,Yes,68,Yes,Yes,DSL,No,Yes,Yes,Yes,Yes,Yes,Two year,No,Bank transfer (automatic),85.3,5560.0,4732
Male,No,No,No,17,Yes,No,Fiber optic,No,Yes,Yes,No,No,Yes,Month-to-month,Yes,Credit card (automatic),90.95,1612.2,5687
Female,No,No,No,2,No,No phone service,DSL,No,No,No,Yes,No,No,Month-to-month,Yes,Electronic check,30.9,59.05,2860
Female,No,Yes,No,55,Yes,No,No,No internet service,No internet service,No internet service,No internet service,No internet service,No internet service,One year,No,Electronic check,19.7,1140.05,4888
Male,No,No,No,38,Yes,Yes,Fiber optic,Yes,Yes,No,No,Yes,Yes,One year,Yes,Electronic check,104.85,3887.25,2709
Female,No,Yes,Yes,7,No,No phone service,DSL,Yes,No,No,Yes,No,No,Month-to-month,No,Mailed check,34.65,246.6,5996
Female,No,Yes,No,5,Yes,No,Fiber optic,No,No,No,Yes,Yes,No,Month-to-month,Yes,Electronic check,85.75,470.95,3608
Female,No,No,No,41,Yes,No,Fiber optic,No,Yes,No,Yes,Yes,Yes,Two year,Yes,Bank transfer (automatic),98.8,3959.15,5584
Female,No,No,No,11,Yes,No,DSL,No,No,No,No,Yes,Yes,Month-to-month,Yes,Electronic check,64.9,716.1,2775
Female,No,Yes,No,71,Yes,Yes,DSL,No,Yes,Yes,Yes,Yes,Yes,Two year,Yes,Credit card (automatic),83.3,5894.5,4264
Female,Yes,No,No,31,Yes,No,Fiber optic,Yes,No,No,No,No,No,Month-to-month,Yes,Credit card (automatic),73.55,2094.65,2057
Male,No,Yes,No,68,Yes,Yes,DSL,Yes,Yes,Yes,Yes,Yes,Yes,Two year,Yes,Credit card (automatic),90.8,6302.85,4265
Female,No,Yes,No,72,Yes,Yes,Fiber optic,Yes,No,Yes,Yes,Yes,No,Two year,Yes,Bank transfer (automatic),98.2,7015.9,4332
Female,No,Yes,Yes,24,Yes,Yes,DSL,Yes,Yes,Yes,No,No,No,Two year,No,Electronic check,64.35,1558.65,5461
Female,No,No,No,11,Yes,Yes,Fiber optic,No,No,Yes,No,Yes,Yes,Month-to-month,Yes,Electronic check,100.75,1129.75,2229
Female,No,Yes,No,2,Yes,No,DSL,Yes,No,No,No,No,Yes,Month-to-month,Yes,Mailed check,62.15,113.1,5766
Male,No,Yes,Yes,72,Yes,Yes,Fiber optic,Yes,Yes,Yes,No,Yes,Yes,Two year,Yes,Credit card (automatic),108.4,7767.25,4419
Female,No,No,No,12,Yes,No,No,No internet service,No internet service,No internet service,No internet service,No internet service,No internet service,Month-to-month,No,Mailed check,19.7,220.35,5715
Male,No,No,No,32,Yes,Yes,DSL,No,Yes,Yes,Yes,Yes,Yes,One year,No,Credit card (automatic),83.7,2633.3,3945
Female,Yes,No,No,1,Yes,No,Fiber optic,No,Yes,No,No,No,No,Month-to-month,Yes,Electronic check,73.0,73.0,4116
Male,No,Yes,Yes,12,Yes,No,No,No internet service,No internet service,No internet service,No internet service,No internet service,No internet service,Month-to-month,Yes,Electronic check,21.15,306.05,5209
Male,No,No,No,43,Yes,Yes,Fiber optic,No,Yes,No,No,Yes,Yes,Month-to-month,Yes,Electronic check,101.4,4528.0,3370
Male,No,Yes,Yes,12,Yes,No,No,No internet service,No internet service,No internet service,No internet service,No internet service,No internet service,Two year,No,Bank transfer (automatic),21.05,262.05,4843
Male,No,No,No,26,No,No phone service,DSL,Yes,No,No,Yes,Yes,Yes,One year,No,Credit card (automatic),54.55,1362.85,4296
Female,No,No,No,1,Yes,No,Fiber optic,No,No,No,No,No,No,Month-to-month,Yes,Electronic check,70.25,70.25,4063
Male,No,No,No,11,Yes,Yes,No,No internet service,No internet service,No internet service,No internet service,No internet service,No internet service,Month-to-month,No,Credit card (automatic),23.15,245.2,5671
Male,No,No,No,28,No,No phone service,DSL,No,No,No,Yes,No,No,Month-to-month,Yes,Credit card (automatic),30.1,810.85,2653
Female,Yes,Yes,No,66,Yes,Yes,DSL,No,Yes,Yes,No,Yes,Yes,Two year,Yes,Bank transfer (automatic),80.55,5265.1,4400
Male,No,Yes,Yes,20,Yes,Yes,Fiber optic,No,Yes,No,Yes,Yes,No,Month-to-month,No,Mailed check,96.8,1826.7,3222
Female,No,Yes,No,62,Yes,No,Fiber optic,Yes,No,Yes,Yes,Yes,Yes,One year,Yes,Electronic check,104.3,6613.65,5905
Female,Yes,No,No,1,Yes,Yes,Fiber optic,No,No,No,No,No,No,Month-to-month,Yes,Electronic check,74.2,74.2,4684
Male,No,No,Yes,21,Yes,Yes,Fiber optic,Yes,No,No,No,No,No,Month-to-month,No,Electronic check,80.35,1747.2,4579
Male,No,No,No,1,No,No phone service,DSL,No,No,No,No,No,No,Month-to-month,Yes,Mailed check,24.45,24.45,2121
Male,No,Yes,Yes,38,Yes,Yes,Fiber optic,No,No,Yes,Yes,Yes,No,Two year,Yes,Bank transfer (automatic),94.9,3616.25,2436
Male,No,Yes,Yes,18,Yes,No,DSL,Yes,No,Yes,Yes,Yes,Yes,Month-to-month,No,Electronic check,83.25,1611.15,2065
Male,No,Yes,No,60,Yes,No,No,No internet service,No internet service,No internet service,No internet service,No internet service,No internet service,Two year,Yes,Bank transfer (automatic),20.5,1198.8,5848
Female,No,No,No,70,Yes,Yes,Fiber optic,No,Yes,Yes,Yes,No,No,One year,Yes,Bank transfer (automatic),90.25,6385.95,5327
Female,No,Yes,Yes,67,Yes,Yes,DSL,No,No,Yes,Yes,No,Yes,Two year,Yes,Bank transfer (automatic),69.9,4615.9,6079
Male,No,Yes,Yes,5,Yes,Yes,No,No internet service,No internet service,No internet service,No internet service,No internet service,No internet service,Month-to-month,Yes,Bank transfer (automatic),25.9,135.0,2102
Male,No,Yes,No,66,Yes,Yes,Fiber optic,Yes,Yes,Yes,Yes,Yes,Yes,One year,No,Bank transfer (automatic),115.8,7942.15,5845
Male,No,Yes,No,72,Yes,Yes,No,No internet service,No internet service,No internet service,No internet service,No internet service,No internet service,Two year,No,Mailed check,25.4,1797.1,6011
Female,Yes,Yes,No,72,Yes,Yes,DSL,Yes,Yes,Yes,No,Yes,Yes,Two year,Yes,Credit card (automatic),84.1,6129.65,4999
Male,No,No,Yes,3,Yes,No,No,No internet service,No internet service,No internet service,No internet service,No internet service,No internet service,Month-to-month,Yes,Mailed check,20.05,75.45,2948
Male,No,Yes,No,48,Yes,No,No,No internet service,No internet service,No internet service,No internet service,No internet service,No internet service,Two year,Yes,Mailed check,20.05,1036.0,2964
Female,No,No,No,7,Yes,Yes,Fiber optic,No,No,No,No,No,No,Month-to-month,Yes,Electronic check,74.9,541.15,5159
Female,No,Yes,No,2,Yes,No,Fiber optic,Yes,Yes,No,No,Yes,No,Month-to-month,No,Electronic check,90.35,190.5,5361
Male,No,No,No,52,Yes,Yes,Fiber optic,No,Yes,Yes,No,Yes,Yes,Month-to-month,Yes,Electronic check,103.05,5364.8,5432
Female,No,Yes,Yes,38,Yes,No,No,No internet service,No internet service,No internet service,No internet service,No internet service,No internet service,Two year,Yes,Mailed check,20.2,746.05,2631
Male,No,Yes,Yes,72,Yes,No,No,No internet service,No internet service,No internet service,No internet service,No internet service,No internet service,Two year,No,Electronic check,20.35,1354.4,4949
Female,Yes,No,No,9,Yes,Yes,Fiber optic,No,No,No,No,No,No,Month-to-month,Yes,Electronic check,74.55,622.9,3145
Female,No,Yes,Yes,57,Yes,No,No,No internet service,No internet service,No internet service,No internet service,No internet service,No internet service,Two year,No,Bank transfer (automatic),19.5,1167.6,5864
Male,No,No,Yes,13,Yes,No,DSL,No,No,No,No,No,No,Month-to-month,No,Mailed check,44.0,659.35,5611
Male,No,Yes,No,40,Yes,Yes,Fiber optic,No,Yes,Yes,No,Yes,Yes,One year,Yes,Bank transfer (automatic),106.0,4178.65,5118
Female,No,Yes,Yes,39,Yes,No,No,No internet service,No internet service,No internet service,No internet service,No internet service,No internet service,Two year,Yes,Bank transfer (automatic),19.85,854.8,3032
Female,Yes,No,No,33,Yes,Yes,Fiber optic,No,Yes,Yes,Yes,Yes,Yes,Month-to-month,Yes,Electronic check,110.45,3655.45,3401
Female,No,No,No,48,Yes,Yes,No,No internet service,No internet service,No internet service,No internet service,No internet service,No internet service,Two year,No,Credit card (automatic),24.0,1183.05,3948
Female,Yes,No,No,10,No,No phone service,DSL,No,No,No,Yes,No,No,Month-to-month,Yes,Electronic check,29.65,291.4,5702
Female,No,No,No,11,Yes,No,Fiber optic,Yes,No,No,No,No,No,Month-to-month,No,Electronic check,76.4,838.7,4033
Female,No,Yes,No,47,Yes,Yes,No,No internet service,No internet service,No internet service,No internet service,No internet service,No internet service,One year,No,Electronic check,26.9,1250.85,2382
Male,No,No,No,1,Yes,No,Fiber optic,No,No,No,No,Yes,No,Month-to-month,Yes,Electronic check,78.95,78.95,2038
Male,No,No,No,52,Yes,Yes,DSL,Yes,Yes,Yes,Yes,Yes,Yes,Two year,Yes,Mailed check,89.25,4652.4,4624
Male,No,Yes,No,66,Yes,Yes,DSL,Yes,Yes,No,Yes,Yes,Yes,Two year,No,Electronic check,85.25,5538.35,5012
Female,Yes,Yes,Yes,11,Yes,Yes,Fiber optic,No,No,Yes,No,No,No,Month-to-month,Yes,Credit card (automatic),78.1,864.85,2333
Male,No,Yes,Yes,46,Yes,Yes,Fiber optic,No,Yes,No,No,No,No,Month-to-month,Yes,Bank transfer (automatic),80.0,3769.7,3315
Female,No,Yes,No,44,Yes,Yes,Fiber optic,No,No,No,No,Yes,Yes,Month-to-month,Yes,Electronic check,96.1,4364.1,5606
Male,Yes,Yes,No,71,Yes,Yes,Fiber optic,Yes,Yes,No,No,Yes,Yes,Month-to-month,Yes,Credit card (automatic),105.1,7548.1,5725
Female,No,Yes,Yes,22,Yes,No,DSL,No,Yes,No,Yes,No,No,Month-to-month,No,Electronic check,55.15,1206.05,5115
Female,No,Yes,Yes,23,Yes,Yes,DSL,Yes,No,Yes,Yes,Yes,No,Two year,Yes,Bank transfer (automatic),77.15,1759.4,2572
Male,Yes,Yes,No,52,Yes,Yes,Fiber optic,Yes,No,Yes,No,Yes,Yes,Month-to-month,Yes,Electronic check,104.2,5568.35,5648
Male,No,Yes,No,72,Yes,No,No,No internet service,No internet service,No internet service,No internet service,No internet service,No internet service,Two year,No,Credit card (automatic),19.4,1363.25,5234
Female,No,Yes,No,40,Yes,Yes,Fiber optic,No,No,Yes,Yes,No,No,Month-to-month,Yes,Electronic check,84.85,3303.05,5764
Female,No,Yes,No,69,Yes,No,Fiber optic,No,Yes,No,No,Yes,Yes,One year,Yes,Credit card (automatic),95.65,6744.2,5251
Female,Yes,No,No,29,Yes,Yes,Fiber optic,No,No,No,Yes,Yes,Yes,Month-to-month,No,Electronic check,98.65,2862.75,4235
Male,Yes,No,No,72,Yes,Yes,Fiber optic,Yes,Yes,Yes,Yes,Yes,Yes,Two year,No,Bank transfer (automatic),113.8,7845.8,4598
Female,Yes,Yes,No,43,Yes,Yes,Fiber optic,Yes,Yes,No,No,Yes,No,Month-to-month,Yes,Electronic check,94.5,4156.8,4745
Male,No,Yes,Yes,67,Yes,Yes,No,No internet service,No internet service,No internet service,No internet service,No internet service,No internet service,Two year,No,Mailed check,26.3,1688.9,6066
Female,No,Yes,Yes,55,Yes,No,No,No internet service,No internet service,No internet service,No internet service,No internet service,No internet service,Two year,No,Mailed check,21.0,1210.3,5046
Male,No,Yes,No,71,Yes,Yes,No,No internet service,No internet service,No internet service,No internet service,No internet service,No internet service,Two year,Yes,Electronic check,24.5,1816.2,4058
Female,No,No,Yes,25,Yes,No,No,No internet service,No internet service,No internet service,No internet service,No internet service,No internet service,Month-to-month,No,Credit card (automatic),20.05,471.7,2192
Female,No,No,No,1,Yes,No,No,No internet service,No internet service,No internet service,No internet service,No internet service,No internet service,Month-to-month,No,Mailed check,20.95,20.95,4285
Male,No,No,No,72,Yes,Yes,Fiber optic,No,Yes,Yes,Yes,Yes,Yes,Two year,No,Bank transfer (automatic),109.2,7878.3,4551
Male,No,Yes,No,52,Yes,No,DSL,Yes,Yes,No,No,Yes,Yes,One year,Yes,Mailed check,75.4,3865.45,5211
Female,No,No,No,22,Yes,No,No,No internet service,No internet service,No internet service,No internet service,No internet service,No internet service,One year,Yes,Mailed check,19.25,412.55,2691
Male,No,No,No,68,Yes,Yes,DSL,Yes,Yes,Yes,No,No,Yes,One year,No,Credit card (automatic),76.75,5233.25,5395
Male,No,Yes,No,10,Yes,No,Fiber optic,No,No,No,No,No,No,Month-to-month,Yes,Electronic check,70.1,659.65,2457
Female,No,Yes,Yes,10,Yes,Yes,Fiber optic,Yes,No,No,No,Yes,Yes,Month-to-month,Yes,Electronic check,100.25,1064.65,5998
Female,No,Yes,Yes,55,Yes,No,Fiber optic,No,Yes,Yes,Yes,Yes,Yes,One year,Yes,Bank transfer (automatic),103.7,5656.75,5892
Male,No,No,No,56,Yes,Yes,No,No internet service,No internet service,No internet service,No internet service,No internet service,No internet service,One year,No,Electronic check,24.9,1334.0,5327
Female,Yes,Yes,Yes,46,Yes,Yes,Fiber optic,Yes,Yes,No,Yes,Yes,Yes,Month-to-month,Yes,Electronic check,110.2,4972.1,4162
Male,No,No,Yes,1,Yes,No,Fiber optic,Yes,No,No,No,No,Yes,Month-to-month,Yes,Mailed check,84.6,84.6,2484
Male,No,No,No,43,Yes,Yes,Fiber optic,No,No,No,No,No,No,Month-to-month,Yes,Credit card (automatic),75.35,3161.4,4898
Male,Yes,Yes,No,39,Yes,Yes,Fiber optic,No,Yes,Yes,No,Yes,Yes,Month-to-month,Yes,Electronic check,105.65,4284.8,4687
Male,No,Yes,No,50,No,No phone service,DSL,Yes,No,No,Yes,Yes,No,One year,Yes,Bank transfer (automatic),44.45,2188.45,5363
Female,No,No,No,6,Yes,No,No,No internet service,No internet service,No internet service,No internet service,No internet service,No internet service,Month-to-month,No,Credit card (automatic),19.7,129.55,5387
Male,No,Yes,Yes,45,Yes,Yes,No,No internet service,No internet service,No internet service,No internet service,No internet service,No internet service,Two year,No,Mailed check,24.45,1088.25,3586
Female,No,No,No,22,No,No phone service,DSL,No,No,Yes,No,Yes,Yes,Month-to-month,Yes,Electronic check,50.6,1073.3,2854
Female,No,Yes,Yes,72,Yes,Yes,No,No internet service,No internet service,No internet service,No internet service,No internet service,No internet service,Two year,No,Bank transfer (automatic),25.1,1857.85,5611
Female,No,No,No,7,Yes,No,Fiber optic,No,No,Yes,Yes,Yes,Yes,Month-to-month,Yes,Electronic check,100.4,715.0,5041
Male,No,No,No,1,Yes,No,No,No internet service,No internet service,No internet service,No internet service,No internet service,No internet service,Month-to-month,Yes,Mailed check,19.75,19.75,4441
Female,No,No,No,72,Yes,Yes,Fiber optic,Yes,Yes,Yes,Yes,Yes,Yes,Two year,Yes,Bank transfer (automatic),116.45,8013.55,5567
Male,Yes,Yes,No,10,Yes,No,Fiber optic,No,Yes,Yes,Yes,Yes,No,Month-to-month,Yes,Mailed check,92.5,934.1,2415
Male,Yes,Yes,No,1,No,No phone service,DSL,No,Yes,No,No,Yes,No,Month-to-month,No,Electronic check,40.2,40.2,5828
Female,No,Yes,No,48,Yes,Yes,DSL,No,No,Yes,Yes,No,Yes,One year,Yes,Mailed check,69.55,3435.6,2478
Male,No,No,No,26,Yes,No,No,No internet service,No internet service,No internet service,No internet service,No internet service,No internet service,One year,Yes,Bank transfer (automatic),19.6,471.85,3722
Female,No,Yes,No,68,Yes,Yes,Fiber optic,No,Yes,Yes,Yes,No,No,Two year,No,Credit card (automatic),90.2,6297.65,4095
Female,No,Yes,No,50,Yes,Yes,DSL,No,No,Yes,No,Yes,Yes,One year,No,Bank transfer (automatic),75.7,3876.2,6144
Female,No,Yes,No,72,Yes,Yes,Fiber optic,Yes,Yes,Yes,Yes,Yes,Yes,Two year,Yes,Credit card (automatic),115.55,8312.4,5076
Female,Yes,No,No,17,Yes,No,No,No internet service,No internet service,No internet service,No internet service,No internet service,No internet service,One year,No,Mailed check,20.65,330.6,4086
Male,Yes,Yes,No,66,Yes,Yes,Fiber optic,No,Yes,Yes,Yes,Yes,Yes,One year,Yes,Bank transfer (automatic),107.35,7051.95,4138
Male,No,Yes,No,17,Yes,Yes,Fiber optic,Yes,Yes,Yes,No,No,No,Month-to-month,No,Credit card (automatic),90.2,1454.15,2026
Male,No,Yes,No,20,Yes,No,DSL,Yes,No,No,Yes,No,Yes,One year,Yes,Mailed check,64.15,1274.45,5969
Female,Yes,No,No,28,Yes,Yes,Fiber optic,No,No,Yes,Yes,Yes,Yes,Month-to-month,Yes,Electronic check,103.3,2890.65,4136
Male,No,No,No,45,Yes,No,DSL,Yes,No,No,No,No,No,Month-to-month,Yes,Bank transfer (automatic),50.9,2298.55,5274
Male,No,Yes,Yes,42,Yes,No,DSL,Yes,Yes,No,No,No,No,Month-to-month,No,Mailed check,54.5,2301.15,3449
Female,No,No,No,1,Yes,No,DSL,No,No,No,No,No,No,Month-to-month,Yes,Electronic check,45.3,45.3,2293
Female,No,Yes,No,24,Yes,Yes,Fiber optic,No,No,No,No,No,No,Month-to-month,Yes,Credit card (automatic),75.4,1747.85,2325
Male,No,Yes,Yes,8,Yes,No,DSL,No,No,No,No,No,No,One year,Yes,Mailed check,43.45,345.5,4184
Female,No,Yes,No,12,No,No phone service,DSL,Yes,No,No,Yes,No,No,One year,No,Credit card (automatic),33.15,444.75,3882
Male,No,No,No,9,Yes,No,No,No internet service,No internet service,No internet service,No internet service,No internet service,No internet service,Month-to-month,No,Credit card (automatic),19.7,180.7,4194
Female,No,Yes,No,43,Yes,Yes,Fiber optic,No,Yes,No,No,No,No,Month-to-month,No,Electronic check,80.45,3398.9,5357
Female,No,Yes,No,52,Yes,No,No,No internet service,No internet service,No internet service,No internet service,No internet service,No internet service,One year,Yes,Electronic check,20.4,1090.65,5482
Female,No,Yes,No,32,Yes,No,Fiber optic,Yes,No,No,No,No,No,Month-to-month,Yes,Bank transfer (automatic),75.5,2324.7,3131
Male,Yes,No,No,1,Yes,No,Fiber optic,No,No,No,No,No,No,Month-to-month,No,Electronic check,69.1,69.1,2767
Female,No,Yes,Yes,72,Yes,Yes,Fiber optic,Yes,Yes,Yes,Yes,Yes,Yes,Two year,Yes,Bank transfer (automatic),117.6,8308.9,6173
Male,No,No,No,6,Yes,No,Fiber optic,No,Yes,No,No,Yes,No,Month-to-month,Yes,Electronic check,85.35,489.45,4694
Female,No,Yes,Yes,62,No,No phone service,DSL,Yes,Yes,No,Yes,Yes,No,Two year,No,Bank transfer (automatic),48.7,3008.55,5453
Female,No,No,No,20,Yes,No,No,No internet service,No internet service,No internet service,No internet service,No internet service,No internet service,One year,Yes,Credit card (automatic),19.35,433.75,5811
Male,No,Yes,Yes,34,Yes,Yes,Fiber optic,No,No,Yes,No,No,Yes,Month-to-month,Yes,Credit card (automatic),90.05,3097.0,4648
Male,No,Yes,No,20,Yes,No,Fiber optic,No,No,No,No,No,No,Month-to-month,Yes,Electronic check,70.45,1470.95,4773
Female,No,Yes,No,51,No,No phone service,DSL,No,Yes,No,No,Yes,Yes,Month-to-month,Yes,Electronic check,49.65,2553.35,5528
Female,No,No,No,72,Yes,No,No,No internet service,No internet service,No internet service,No internet service,No internet service,No internet service,Two year,No,Credit card (automatic),20.25,1566.9,5733
Female,No,No,No,7,Yes,Yes,Fiber optic,No,Yes,No,No,No,No,Month-to-month,Yes,Bank transfer (automatic),78.55,522.95,4025
Male,No,No,No,1,Yes,No,No,No internet service,No internet service,No internet service,No internet service,No internet service,No internet service,Month-to-month,No,Mailed check,20.2,20.2,3586
Female,No,Yes,Yes,8,Yes,No,DSL,Yes,Yes,No,No,No,No,Month-to-month,No,Mailed check,54.65,482.25,5614
Male,No,No,No,3,Yes,No,DSL,No,No,Yes,No,No,No,Month-to-month,Yes,Electronic check,49.15,169.05,5598
Male,No,No,No,31,Yes,Yes,Fiber optic,No,Yes,No,No,No,No,Month-to-month,Yes,Electronic check,80.45,2429.1,4684
Female,No,No,No,9,Yes,Yes,Fiber optic,No,No,No,No,No,No,Month-to-month,Yes,Electronic check,74.75,706.6,5003
Female,Yes,No,No,18,Yes,No,Fiber optic,No,No,Yes,No,No,Yes,Month-to-month,Yes,Electronic check,84.95,1443.65,3878
Male,No,No,No,52,Yes,No,Fiber optic,No,Yes,No,No,No,Yes,Month-to-month,Yes,Electronic check,85.35,4338.6,6402
Male,Yes,Yes,No,9,Yes,No,No,No internet service,No internet service,No internet service,No internet service,No internet service,No internet service,One year,No,Credit card (automatic),19.85,183.15,5601
Male,No,No,No,69,Yes,No,No,No internet service,No internet service,No internet service,No internet service,No internet service,No internet service,Two year,Yes,Bank transfer (automatic),19.3,1447.9,5028
Female,No,No,No,1,Yes,No,DSL,Yes,No,No,No,No,No,Month-to-month,No,Electronic check,50.15,50.15,4421
Female,No,Yes,No,33,Yes,Yes,No,No internet service,No internet service,No internet service,No internet service,No internet service,No internet service,Two year,Yes,Mailed check,24.5,740.3,5194
Male,No,No,No,16,Yes,No,No,No internet service,No internet service,No internet service,No internet service,No internet service,No internet service,Month-to-month,Yes,Credit card (automatic),20.6,330.25,5667
Female,No,Yes,No,65,Yes,No,DSL,Yes,No,Yes,No,No,No,Month-to-month,Yes,Mailed check,55.15,3673.15,6205
Male,No,Yes,No,2,Yes,No,No,No internet service,No internet service,No internet service,No internet service,No internet service,No internet service,One year,No,Mailed check,20.2,34.75,3866
Female,Yes,No,No,13,Yes,No,Fiber optic,No,No,Yes,No,Yes,Yes,Month-to-month,Yes,Electronic check,96.85,1235.55,3098
Female,No,Yes,No,69,Yes,Yes,Fiber optic,No,No,Yes,Yes,Yes,Yes,Two year,No,Bank transfer (automatic),105.35,7240.65,5268
Male,No,Yes,No,9,Yes,No,Fiber optic,No,Yes,Yes,No,No,No,Month-to-month,Yes,Electronic check,79.9,741.7,4748
Female,No,Yes,No,37,Yes,Yes,DSL,No,Yes,No,Yes,No,Yes,One year,No,Mailed check,72.1,2658.4,2703
Male,No,Yes,No,37,Yes,Yes,DSL,Yes,No,No,No,No,No,Month-to-month,Yes,Mailed check,55.05,2030.75,3839
Male,No,Yes,Yes,54,Yes,No,Fiber optic,No,Yes,No,Yes,No,No,Two year,Yes,Bank transfer (automatic),79.95,4362.05,4387
Female,No,No,Yes,35,Yes,Yes,DSL,No,No,No,No,No,No,Month-to-month,No,Mailed check,50.15,1655.35,5879
Male,No,Yes,Yes,8,Yes,No,No,No internet service,No internet service,No internet service,No internet service,No internet service,No internet service,Month-to-month,No,Credit card (automatic),19.65,169.75,4535
Female,No,No,No,54,Yes,No,No,No internet service,No internet service,No internet service,No internet service,No internet service,No internet service,Two year,Yes,Mailed check,20.5,1035.7,5946
Male,Yes,No,No,16,Yes,Yes,Fiber optic,No,No,No,No,No,No,Month-to-month,Yes,Bank transfer (automatic),74.45,1261.35,5111
Female,No,No,No,11,Yes,No,DSL,No,No,Yes,Yes,No,Yes,One year,No,Credit card (automatic),64.9,697.25,3206
Male,No,Yes,No,34,No,No phone service,DSL,Yes,No,No,No,No,No,One year,No,Bank transfer (automatic),30.4,938.65,4697
Male,No,No,No,9,Yes,No,DSL,No,No,No,No,No,No,Month-to-month,No,Mailed check,44.95,431.0,5023
Female,No,Yes,No,72,Yes,Yes,No,No internet service,No internet service,No internet service,No internet service,No internet service,No internet service,Two year,No,Credit card (automatic),25.0,1849.2,6126
Male,No,No,No,17,Yes,No,DSL,No,No,No,Yes,No,No,Month-to-month,No,Mailed check,51.5,900.5,5659
Male,No,No,No,2,Yes,No,DSL,No,No,No,No,No,No,Month-to-month,No,Bank transfer (automatic),44.9,111.05,4370
Male,No,No,No,41,Yes,Yes,Fiber optic,No,Yes,No,No,Yes,No,Month-to-month,Yes,Electronic check,89.2,3645.75,3259
Female,No,No,No,37,Yes,No,DSL,No,No,No,No,Yes,Yes,Month-to-month,Yes,Electronic check,64.75,2345.2,5554
Female,Yes,No,No,49,Yes,No,Fiber optic,No,Yes,Yes,No,No,Yes,One year,Yes,Bank transfer (automatic),89.85,4287.2,5982
Female,No,Yes,No,53,Yes,Yes,DSL,Yes,Yes,Yes,No,No,Yes,One year,No,Bank transfer (automatic),74.1,3833.95,5136
Female,No,Yes,Yes,2,No,No phone service,DSL,No,No,No,Yes,No,No,Month-to-month,No,Bank transfer (automatic),29.05,44.75,4998
Female,Yes,No,No,54,Yes,Yes,Fiber optic,No,Yes,No,No,No,No,Month-to-month,Yes,Electronic check,79.5,4370.25,5684
Female,No,No,Yes,1,Yes,No,DSL,Yes,No,No,No,No,No,Month-to-month,No,Mailed check,49.9,49.9,5969
Male,No,No,Yes,27,Yes,No,No,No internet service,No internet service,No internet service,No internet service,No internet service,No internet service,One year,No,Credit card (automatic),20.05,552.9,2400
Female,No,No,No,12,Yes,No,No,No internet service,No internet service,No internet service,No internet service,No internet service,No internet service,Month-to-month,No,Mailed check,20.4,266.6,4497
Male,Yes,Yes,No,11,Yes,No,Fiber optic,No,No,No,No,No,No,Month-to-month,Yes,Electronic check,70.2,834.7,2848
Female,No,No,Yes,25,No,No phone service,DSL,Yes,No,No,Yes,No,No,Two year,No,Bank transfer (automatic),35.05,844.45,2754
Male,No,No,No,3,Yes,No,No,No internet service,No internet service,No internet service,No internet service,No internet service,No internet service,One year,Yes,Mailed check,19.45,69.25,2787
Male,No,No,No,2,Yes,No,Fiber optic,No,No,No,No,No,Yes,Month-to-month,Yes,Electronic check,80.2,181.1,2384
Female,No,Yes,Yes,13,Yes,No,No,No internet service,No internet service,No internet service,No internet service,No internet service,No internet service,Two year,No,Mailed check,19.55,265.3,2816
Female,Yes,Yes,Yes,25,Yes,No,Fiber optic,No,Yes,Yes,No,Yes,Yes,Month-to-month,Yes,Electronic check,98.5,2514.5,5337
Male,No,No,No,10,Yes,Yes,Fiber optic,No,Yes,No,No,No,No,Month-to-month,Yes,Bank transfer (automatic),80.7,788.8,3492
Male,No,Yes,No,67,Yes,Yes,Fiber optic,Yes,Yes,Yes,No,Yes,Yes,One year,No,Credit card (automatic),109.9,7332.4,5416
Female,No,Yes,Yes,72,Yes,Yes,DSL,Yes,Yes,Yes,Yes,Yes,Yes,Two year,No,Credit card (automatic),90.95,6652.45,5096
Female,No,No,No,9,Yes,No,No,No internet service,No internet service,No internet service,No internet service,No internet service,No internet service,Month-to-month,No,Bank transfer (automatic),20.15,238.15,3772
Male,Yes,No,No,50,Yes,Yes,DSL,Yes,Yes,No,No,Yes,No,Month-to-month,Yes,Bank transfer (automatic),70.35,3454.6,5596
Female,No,Yes,No,16,Yes,Yes,Fiber optic,No,Yes,No,No,Yes,Yes,Month-to-month,Yes,Electronic check,100.0,1534.75,3794
Female,No,No,No,12,Yes,No,Fiber optic,Yes,No,No,No,Yes,No,One year,Yes,Credit card (automatic),85.15,979.05,2452
Female,No,No,No,9,Yes,Yes,Fiber optic,No,No,No,No,No,No,Month-to-month,Yes,Credit card (automatic),75.2,633.85,5841
Male,No,No,No,35,Yes,No,No,No internet service,No internet service,No internet service,No internet service,No internet service,No internet service,Two year,No,Mailed check,19.25,677.9,2682
Female,No,Yes,Yes,20,Yes,Yes,DSL,Yes,No,No,No,Yes,Yes,One year,No,Bank transfer (automatic),76.0,1588.75,4085
Male,No,Yes,No,13,No,No phone service,DSL,Yes,No,No,Yes,Yes,Yes,Month-to-month,Yes,Electronic check,54.45,706.85,5212
Male,No,Yes,Yes,9,Yes,No,Fiber optic,No,No,Yes,Yes,Yes,Yes,Month-to-month,No,Electronic check,103.1,970.45,4171
Male,No,Yes,No,65,Yes,No,No,No internet service,No internet service,No internet service,No internet service,No internet service,No internet service,Two year,No,Mailed check,19.9,1292.6,6312
Female,No,No,No,41,Yes,Yes,No,No internet service,No internet service,No internet service,No internet service,No internet service,No internet service,One year,Yes,Mailed check,24.85,962.25,3089
Female,No,Yes,No,58,Yes,Yes,Fiber optic,No,No,Yes,Yes,Yes,Yes,Month-to-month,Yes,Credit card (automatic),102.1,5885.4,4415
Male,No,No,No,12,Yes,Yes,DSL,No,No,Yes,No,Yes,Yes,Month-to-month,No,Bank transfer (automatic),74.75,827.05,3521
Female,No,Yes,Yes,21,Yes,No,DSL,No,No,No,No,No,No,Month-to-month,Yes,Electronic check,44.95,926.25,3752
Female,No,No,No,1,Yes,Yes,Fiber optic,No,Yes,No,No,No,No,Month-to-month,Yes,Mailed check,80.2,80.2,3056
Male,No,No,No,1,Yes,No,No,No internet service,No internet service,No internet service,No internet service,No internet service,No internet service,Month-to-month,Yes,Mailed check,20.05,20.05,5368
Male,No,No,No,13,Yes,No,No,No internet service,No internet service,No internet service,No internet service,No internet service,No internet service,Two year,No,Credit card (automatic),20.0,268.45,3037
Male,No,No,No,1,Yes,No,DSL,No,No,No,No,No,No,Month-to-month,Yes,Bank transfer (automatic),44.05,44.05,5925
Male,No,Yes,Yes,11,Yes,Yes,DSL,Yes,No,No,No,Yes,No,Month-to-month,Yes,Bank transfer (automatic),65.15,723.35,5942
Male,No,Yes,Yes,66,Yes,No,Fiber optic,Yes,Yes,Yes,No,Yes,Yes,One year,Yes,Bank transfer (automatic),103.15,7031.3,4663
Female,No,Yes,No,58,Yes,Yes,Fiber optic,Yes,Yes,Yes,No,Yes,Yes,One year,Yes,Credit card (automatic),110.65,6526.65,4761
Male,No,No,No,1,Yes,No,Fiber optic,No,No,No,No,Yes,Yes,Month-to-month,Yes,Electronic check,90.85,90.85,5086
Female,No,Yes,Yes,31,Yes,No,No,No internet service,No internet service,No internet service,No internet service,No internet service,No internet service,Two year,No,Mailed check,21.0,697.7,5225
Female,No,No,No,1,Yes,No,No,No internet service,No internet service,No internet service,No internet service,No internet service,No internet service,Month-to-month,No,Mailed check,19.9,19.9,4050
Female,No,Yes,Yes,15,Yes,No,No,No internet service,No internet service,No internet service,No internet service,No internet service,No internet service,Month-to-month,No,Mailed check,20.05,284.3,3591
Female,No,Yes,Yes,6,Yes,No,DSL,No,No,No,Yes,No,No,Month-to-month,Yes,Mailed check,48.8,297.35,4538
Male,No,No,No,63,Yes,Yes,No,No internet service,No internet service,No internet service,No internet service,No internet service,No internet service,Two year,No,Mailed check,25.25,1559.3,4530
Female,Yes,Yes,Yes,71,Yes,Yes,DSL,Yes,Yes,No,No,Yes,No,One year,No,Electronic check,69.2,4982.5,5546
Male,No,No,No,1,Yes,No,DSL,No,No,No,No,No,No,Month-to-month,Yes,Mailed check,45.05,45.05,2644
Male,No,Yes,No,17,Yes,No,Fiber optic,No,No,No,No,No,No,Month-to-month,Yes,Bank transfer (automatic),70.4,1214.05,4469
Male,No,No,No,3,Yes,No,DSL,No,No,No,No,No,No,Month-to-month,No,Mailed check,45.45,141.7,3666
Male,No,No,No,1,Yes,No,No,No internet service,No internet service,No internet service,No internet service,No internet service,No internet service,Month-to-month,Yes,Mailed check,20.25,20.25,4769
Male,No,No,Yes,62,Yes,Yes,No,No internet service,No internet service,No internet service,No internet service,No internet service,No internet service,Two year,Yes,Mailed check,24.4,1413.0,4889
Female,No,No,No,53,Yes,No,Fiber optic,Yes,Yes,Yes,Yes,No,Yes,Two year,No,Mailed check,99.5,5424.25,4754
Female,No,Yes,Yes,16,Yes,No,Fiber optic,No,Yes,No,No,No,No,Month-to-month,No,Bank transfer (automatic),73.25,1195.75,3624
Male,Yes,Yes,No,72,No,No phone service,DSL,Yes,Yes,Yes,Yes,Yes,Yes,Two year,Yes,Credit card (automatic),64.95,4546.0,4049
Female,No,No,No,10,No,No phone service,DSL,No,Yes,No,Yes,No,No,Month-to-month,No,Electronic check,36.25,374.0,4571
Male,No,Yes,Yes,19,Yes,No,No,No internet service,No internet service,No internet service,No internet service,No internet service,No internet service,Two year,No,Mailed check,20.2,387.4,4821
Female,No,Yes,Yes,35,Yes,No,No,No internet service,No internet service,No internet service,No internet service,No internet service,No internet service,Two year,Yes,Mailed check,19.85,739.35,4177
Female,Yes,No,No,13,Yes,Yes,Fiber optic,No,No,No,No,Yes,Yes,Month-to-month,Yes,Electronic check,95.05,1290.0,2230
Female,Yes,No,No,2,No,No phone service,DSL,No,No,No,No,No,No,Month-to-month,No,Electronic check,24.35,41.85,3278
Female,Yes,No,No,15,Yes,Yes,Fiber optic,No,Yes,No,No,Yes,No,Month-to-month,No,Credit card (automatic),89.0,1288.3,4452
Female,No,Yes,No,10,Yes,No,No,No internet service,No internet service,No internet service,No internet service,No internet service,No internet service,Month-to-month,Yes,Mailed check,20.55,252.75,4907
Female,No,Yes,No,12,Yes,No,DSL,No,No,No,No,No,No,Month-to-month,No,Bank transfer (automatic),45.9,505.95,5790
Female,Yes,Yes,No,31,Yes,Yes,Fiber optic,No,No,Yes,No,Yes,No,One year,Yes,Electronic check,90.7,2835.5,2364
Male,Yes,Yes,No,44,Yes,Yes,Fiber optic,No,Yes,No,No,No,Yes,One year,No,Mailed check,88.4,3912.9,2674
Female,No,No,No,18,Yes,Yes,Fiber optic,No,No,No,No,Yes,No,Month-to-month,Yes,Electronic check,85.2,1553.9,3326
Female,No,Yes,Yes,43,Yes,No,DSL,Yes,No,Yes,No,Yes,Yes,Two year,No,Bank transfer (automatic),75.2,3254.35,3976
Female,No,No,No,15,Yes,No,Fiber optic,No,Yes,Yes,No,Yes,Yes,Month-to-month,Yes,Electronic check,101.25,1457.25,3968
Female,No,Yes,No,15,Yes,No,Fiber optic,No,Yes,No,No,No,No,Month-to-month,No,Bank transfer (automatic),75.35,1114.55,4891
Female,Yes,Yes,No,1,No,No phone service,DSL,No,No,No,No,No,No,Month-to-month,Yes,Electronic check,24.8,24.8,5377
Female,No,Yes,No,45,Yes,Yes,No,No internet service,No internet service,No internet service,No internet service,No internet service,No internet service,One year,Yes,Credit card (automatic),25.9,1216.6,5741
Male,No,Yes,No,47,Yes,No,No,No internet service,No internet service,No internet service,No internet service,No internet service,No internet service,Two year,No,Mailed check,19.65,973.1,2021
Male,No,No,No,29,Yes,No,DSL,Yes,Yes,No,Yes,No,No,One year,Yes,Electronic check,58.75,1696.2,5198
Female,No,Yes,Yes,48,Yes,Yes,DSL,No,Yes,No,Yes,Yes,Yes,Two year,No,Electronic check,79.65,3870.3,3246
Female,No,No,No,8,Yes,No,No,No internet service,No internet service,No internet service,No internet service,No internet service,No internet service,Two year,No,Mailed check,20.0,141.6,3087
Male,No,Yes,Yes,62,Yes,Yes,Fiber optic,Yes,Yes,No,No,Yes,Yes,Month-to-month,Yes,Electronic check,105.5,6487.2,4271
Male,No,No,Yes,66,Yes,Yes,No,No internet service,No internet service,No internet service,No internet service,No internet service,No internet service,Two year,Yes,Credit card (automatic),25.3,1673.8,6019
Female,No,No,No,3,Yes,No,No,No internet service,No internet service,No internet service,No internet service,No internet service,No internet service,Month-to-month,No,Mailed check,20.0,63.6,4258
Female,No,No,No,32,Yes,Yes,Fiber optic,Yes,No,Yes,Yes,Yes,Yes,One year,Yes,Bank transfer (automatic),109.55,3608.0,5076
Male,Yes,No,No,16,No,No phone service,DSL,No,Yes,No,No,Yes,No,Month-to-month,Yes,Mailed check,39.0,679.85,5692
Female,No,No,No,40,Yes,Yes,Fiber optic,No,No,Yes,Yes,Yes,Yes,One year,Yes,Credit card (automatic),105.95,4335.2,3784
Female,No,No,No,8,Yes,No,No,No internet service,No internet service,No internet service,No internet service,No internet service,No internet service,Two year,No,Mailed check,20.25,174.65,2653
Female,No,Yes,Yes,4,Yes,Yes,DSL,No,Yes,No,Yes,No,No,Month-to-month,Yes,Mailed check,58.5,224.85,5605
Male,No,Yes,No,70,Yes,Yes,DSL,Yes,Yes,Yes,Yes,Yes,No,Two year,Yes,Bank transfer (automatic),79.25,5731.85,5085
Male,No,No,Yes,1,No,No phone service,DSL,No,No,No,No,No,No,Month-to-month,Yes,Electronic check,25.3,25.3,5421
Male,No,Yes,No,68,Yes,Yes,Fiber optic,Yes,Yes,No,Yes,Yes,Yes,Month-to-month,Yes,Electronic check,107.7,7320.9,5015
Male,No,Yes,Yes,44,No,No phone service,DSL,No,No,Yes,Yes,Yes,Yes,One year,Yes,Electronic check,54.3,2317.1,3423
Female,No,No,No,7,Yes,No,DSL,No,No,Yes,Yes,No,Yes,Month-to-month,No,Bank transfer (automatic),62.8,418.3,4080
Female,Yes,No,No,71,Yes,Yes,DSL,Yes,Yes,Yes,Yes,Yes,Yes,Two year,No,Mailed check,89.85,6293.45,4994
Male,No,No,No,43,Yes,Yes,Fiber optic,No,Yes,No,No,No,No,Month-to-month,Yes,Electronic check,77.85,3365.85,5107
Female,No,No,Yes,13,Yes,Yes,Fiber optic,No,Yes,Yes,No,Yes,Yes,One year,Yes,Credit card (automatic),104.15,1299.1,2810
Male,No,Yes,Yes,67,Yes,Yes,No,No internet service,No internet service,No internet service,No internet service,No internet service,No internet service,Two year,No,Bank transfer (automatic),24.65,1620.45,4444
Male,No,No,Yes,1,Yes,No,No,No internet service,No internet service,No internet service,No internet service,No internet service,No internet service,Month-to-month,No,Mailed check,19.75,19.75,2611
Male,No,Yes,No,46,Yes,No,No,No internet service,No internet service,No internet service,No internet service,No internet service,No internet service,One year,Yes,Bank transfer (automatic),20.2,845.6,2325
Female,No,Yes,No,66,Yes,Yes,Fiber optic,No,Yes,Yes,No,Yes,Yes,One year,Yes,Credit card (automatic),102.45,6615.15,4688
Male,No,Yes,Yes,40,Yes,Yes,DSL,No,No,Yes,No,Yes,Yes,Month-to-month,Yes,Electronic check,74.55,3015.75,3718
Female,No,Yes,No,67,Yes,Yes,Fiber optic,Yes,No,No,Yes,No,Yes,One year,Yes,Credit card (automatic),94.35,6341.45,4348
Female,No,Yes,Yes,35,Yes,Yes,No,No internet service,No internet service,No internet service,No internet service,No internet service,No internet service,Month-to-month,Yes,Electronic check,25.75,882.55,4194
Male,No,Yes,No,39,Yes,No,DSL,Yes,No,Yes,Yes,Yes,Yes,One year,No,Credit card (automatic),80.0,3182.95,2704
Male,No,No,No,1,Yes,No,Fiber optic,No,No,No,No,No,No,Month-to-month,No,Electronic check,70.4,70.4,4238
Male,No,Yes,Yes,63,Yes,No,No,No internet service,No internet service,No internet service,No internet service,No internet service,No internet service,Two year,Yes,Mailed check,19.15,1177.05,6373
Male,No,No,Yes,1,Yes,No,DSL,No,No,Yes,No,No,No,Month-to-month,No,Electronic check,48.95,48.95,3913
Female,No,No,No,1,Yes,Yes,Fiber optic,No,No,No,No,No,Yes,Month-to-month,Yes,Electronic check,85.0,85.0,5679
Male,No,No,No,10,Yes,No,No,No internet service,No internet service,No internet service,No internet service,No internet service,No internet service,Month-to-month,No,Electronic check,20.0,185.4,2706
Male,No,No,No,1,Yes,Yes,Fiber optic,No,No,No,No,No,No,Month-to-month,Yes,Electronic check,74.95,74.95,2591
Female,No,Yes,Yes,64,Yes,Yes,Fiber optic,No,Yes,Yes,No,No,Yes,One year,Yes,Electronic check,92.85,5980.75,5206
Female,No,No,No,16,Yes,No,No,No internet service,No internet service,No internet service,No internet service,No internet service,No internet service,One year,No,Bank transfer (automatic),20.1,318.6,4545
Female,No,Yes,No,71,Yes,Yes,DSL,No,No,Yes,Yes,Yes,Yes,Two year,Yes,Bank transfer (automatic),80.45,5662.25,4518
Male,No,No,No,10,Yes,Yes,Fiber optic,No,No,No,No,Yes,Yes,Month-to-month,No,Electronic check,95.2,930.4,4922
Male,Yes,Yes,No,23,Yes,Yes,Fiber optic,No,Yes,Yes,No,Yes,Yes,Month-to-month,Yes,Electronic check,104.45,2184.85,5883
Female,No,No,No,1,Yes,Yes,Fiber optic,No,No,No,No,No,Yes,Month-to-month,Yes,Mailed check,85.45,85.45,2318
Male,No,No,No,26,Yes,Yes,DSL,No,No,No,No,No,No,One year,Yes,Credit card (automatic),51.55,1295.4,3130
Male,No,No,No,54,Yes,No,Fiber optic,Yes,No,Yes,Yes,No,No,One year,No,Electronic check,84.4,4484.05,4154
Female,No,No,No,7,Yes,Yes,Fiber optic,Yes,No,No,No,No,No,Month-to-month,Yes,Mailed check,79.65,604.7,4513
Male,No,No,No,5,Yes,No,No,No internet service,No internet service,No internet service,No internet service,No internet service,No internet service,Month-to-month,Yes,Mailed check,19.25,86.05,3056
Female,No,Yes,No,36,Yes,Yes,Fiber optic,No,Yes,Yes,No,Yes,No,Month-to-month,Yes,Bank transfer (automatic),97.35,3457.9,4544
Female,No,No,No,10,Yes,Yes,Fiber optic,No,No,No,No,No,Yes,Month-to-month,No,Electronic check,86.45,830.85,5699
Male,No,Yes,No,3,Yes,Yes,No,No internet service,No internet service,No internet service,No internet service,No internet service,No internet service,Month-to-month,Yes,Mailed check,23.6,89.05,5587
Female,No,Yes,No,5,Yes,Yes,DSL,No,No,Yes,Yes,Yes,No,Month-to-month,No,Bank transfer (automatic),67.95,350.3,3889
Male,Yes,Yes,No,51,Yes,Yes,Fiber optic,Yes,No,Yes,No,Yes,No,Month-to-month,Yes,Bank transfer (automatic),93.8,4750.95,4788
Female,No,No,No,12,Yes,No,No,No internet service,No internet service,No internet service,No internet service,No internet service,No internet service,Month-to-month,No,Mailed check,19.45,246.25,4788
Female,No,No,No,33,Yes,No,Fiber optic,No,Yes,No,Yes,No,No,One year,Yes,Bank transfer (automatic),79.95,2684.85,3118
Female,No,No,No,30,Yes,No,DSL,Yes,No,No,No,No,No,Month-to-month,Yes,Mailed check,48.8,1536.75,4864
Female,No,Yes,No,71,Yes,Yes,Fiber optic,Yes,Yes,Yes,Yes,Yes,Yes,Two year,Yes,Credit card (automatic),115.15,8078.1,4144
Female,Yes,No,No,1,Yes,No,Fiber optic,No,No,No,No,No,No,Month-to-month,Yes,Electronic check,69.25,69.25,4371
Female,No,Yes,No,2,Yes,No,Fiber optic,No,No,No,No,No,No,Month-to-month,No,Electronic check,70.4,147.15,5687
Male,No,No,No,13,Yes,No,No,No internet service,No internet service,No internet service,No internet service,No internet service,No internet service,Two year,No,Mailed check,19.95,243.65,2884
Male,No,Yes,Yes,18,Yes,No,Fiber optic,No,No,No,Yes,No,Yes,Month-to-month,Yes,Electronic check,85.6,1601.5,5968
Female,Yes,Yes,No,66,No,No phone service,DSL,No,Yes,Yes,No,Yes,No,One year,No,Bank transfer (automatic),45.55,3027.25,6238
Female,No,Yes,No,67,Yes,Yes,No,No internet service,No internet service,No internet service,No internet service,No internet service,No internet service,Two year,Yes,Credit card (automatic),25.25,1733.15,5887
Male,No,No,No,8,No,No phone service,DSL,No,No,No,No,No,No,Month-to-month,Yes,Credit card (automatic),25.25,186.3,2372
Female,No,Yes,No,3,Yes,No,Fiber optic,No,No,No,No,No,Yes,Month-to-month,Yes,Electronic check,80.3,250.05,3212
Female,No,Yes,Yes,37,Yes,Yes,No,No internet service,No internet service,No internet service,No internet service,No internet service,No internet service,Two year,Yes,Bank transfer (automatic),24.1,861.85,3753
Male,Yes,Yes,No,69,Yes,Yes,Fiber optic,No,Yes,Yes,Yes,Yes,Yes,Two year,Yes,Electronic check,109.95,7634.25,4297
Male,No,Yes,Yes,51,Yes,Yes,No,No internet service,No internet service,No internet service,No internet service,No internet service,No internet service,One year,Yes,Mailed check,23.95,1216.35,5895
Male,No,No,No,6,Yes,No,No,No internet service,No internet service,No internet service,No internet service,No internet service,No internet service,Month-to-month,No,Mailed check,18.95,110.15,5920
Male,No,Yes,No,30,Yes,No,No,No internet service,No internet service,No internet service,No internet service,No internet service,No internet service,One year,No,Credit card (automatic),20.7,587.1,2492
Female,No,Yes,Yes,70,Yes,Yes,No,No internet service,No internet service,No internet service,No internet service,No internet service,No internet service,Two year,No,Mailed check,24.05,1764.75,4722
Male,No,Yes,Yes,59,Yes,No,DSL,Yes,Yes,Yes,Yes,Yes,Yes,Two year,Yes,Electronic check,86.75,5186.0,5020
Male,Yes,No,No,42,Yes,Yes,Fiber optic,No,Yes,No,No,No,No,Month-to-month,Yes,Bank transfer (automatic),79.35,3344.1,2399
Female,No,No,No,1,Yes,No,No,No internet service,No internet service,No internet service,No internet service,No internet service,No internet service,Month-to-month,No,Mailed check,19.65,19.65,4639
Female,No,No,No,3,Yes,No,No,No internet service,No internet service,No internet service,No internet service,No internet service,No internet service,Month-to-month,No,Mailed check,18.8,56.0,3010
Male,No,No,No,2,Yes,No,Fiber optic,No,Yes,No,No,Yes,Yes,Month-to-month,No,Electronic check,95.65,167.3,5332
Female,No,Yes,Yes,13,Yes,No,No,No internet service,No internet service,No internet service,No internet service,No internet service,No internet service,Two year,Yes,Bank transfer (automatic),19.75,246.7,4314
Female,No,No,No,22,Yes,No,DSL,Yes,No,No,No,No,No,Month-to-month,Yes,Electronic check,49.8,1049.05,4667
Female,No,Yes,No,53,Yes,Yes,Fiber optic,No,Yes,Yes,Yes,Yes,Yes,One year,Yes,Bank transfer (automatic),111.8,5809.75,5713
Female,No,Yes,Yes,44,Yes,Yes,Fiber optic,No,Yes,Yes,No,No,Yes,One year,No,Electronic check,94.4,4295.35,5019
Male,No,Yes,No,72,Yes,Yes,Fiber optic,Yes,Yes,Yes,Yes,Yes,Yes,Two year,Yes,Bank transfer (automatic),115.8,8424.9,6479
Male,No,Yes,No,70,Yes,Yes,Fiber optic,Yes,Yes,Yes,Yes,Yes,Yes,Two year,No,Credit card (automatic),114.3,8244.3,4280
Male,No,No,No,1,Yes,No,No,No internet service,No internet service,No internet service,No internet service,No internet service,No internet service,Month-to-month,No,Bank transfer (automatic),19.75,19.75,3595
Female,No,No,No,7,Yes,No,DSL,Yes,Yes,Yes,No,No,No,Month-to-month,No,Electronic check,61.4,438.9,2845
Female,Yes,Yes,No,72,Yes,Yes,Fiber optic,Yes,Yes,Yes,No,Yes,Yes,Two year,Yes,Electronic check,112.4,8046.85,6144
Female,No,Yes,Yes,4,Yes,No,Fiber optic,No,No,No,No,Yes,No,Month-to-month,Yes,Mailed check,78.9,299.75,5775
Female,Yes,Yes,No,11,Yes,Yes,Fiber optic,No,No,Yes,No,Yes,Yes,Month-to-month,Yes,Electronic check,99.55,1131.2,3172
Female,No,Yes,No,22,Yes,No,Fiber optic,No,Yes,No,No,No,Yes,Month-to-month,No,Electronic check,83.3,1845.9,3804
Female,Yes,Yes,No,60,Yes,Yes,Fiber optic,No,No,Yes,No,Yes,Yes,One year,Yes,Credit card (automatic),100.5,6029.0,6442
Female,No,No,No,26,Yes,No,Fiber optic,Yes,No,Yes,Yes,No,No,One year,Yes,Credit card (automatic),87.15,2274.1,5689
Male,No,No,No,37,Yes,Yes,Fiber optic,No,No,No,Yes,Yes,Yes,Month-to-month,No,Bank transfer (automatic),98.8,3475.55,3066
Female,No,No,No,6,Yes,Yes,Fiber optic,No,Yes,Yes,Yes,Yes,Yes,Month-to-month,Yes,Credit card (automatic),109.9,669.45,5750
Male,No,No,No,36,Yes,Yes,Fiber optic,No,No,No,No,No,Yes,Month-to-month,Yes,Electronic check,84.75,3050.15,5272
Male,No,No,No,72,Yes,Yes,DSL,Yes,Yes,Yes,Yes,No,No,Two year,No,Bank transfer (automatic),69.65,4908.25,4262
Male,No,Yes,No,63,Yes,No,Fiber optic,Yes,Yes,Yes,Yes,Yes,Yes,Two year,Yes,Credit card (automatic),110.1,6705.7,6216
Male,No,No,Yes,27,Yes,No,No,No internet service,No internet service,No internet service,No internet service,No internet service,No internet service,Two year,No,Credit card (automatic),19.7,509.3,4052
Female,No,No,No,2,Yes,No,DSL,No,Yes,No,Yes,No,No,Month-to-month,Yes,Credit card (automatic),55.05,102.75,5855
Female,No,No,No,35,No,No phone service,DSL,No,No,Yes,Yes,No,No,Month-to-month,Yes,Mailed check,33.45,1175.85,2553
Female,No,No,No,15,Yes,No,No,No internet service,No internet service,No internet service,No internet service,No internet service,No internet service,One year,No,Mailed check,19.65,270.6,4818
Female,Yes,No,No,13,Yes,No,Fiber optic,No,No,Yes,No,No,No,Month-to-month,Yes,Electronic check,74.3,940.35,2995
Female,Yes,Yes,No,65,Yes,No,Fiber optic,Yes,Yes,Yes,No,No,Yes,Month-to-month,No,Electronic check,94.4,6126.15,5348
Female,No,No,No,9,Yes,No,DSL,Yes,Yes,No,No,Yes,Yes,Month-to-month,Yes,Electronic check,74.65,703.55,5900
Male,No,No,No,2,Yes,No,Fiber optic,Yes,Yes,No,No,Yes,Yes,Month-to-month,No,Electronic check,100.2,198.5,4855
Female,No,No,No,10,Yes,Yes,Fiber optic,No,Yes,No,No,No,No,Month-to-month,Yes,Credit card (automatic),81.0,818.05,2946
Male,No,Yes,Yes,11,Yes,No,No,No internet service,No internet service,No internet service,No internet service,No internet service,No internet service,Two year,No,Mailed check,19.65,225.75,3372
Female,No,No,No,36,Yes,No,No,No internet service,No internet service,No internet service,No internet service,No internet service,No internet service,One year,Yes,Bank transfer (automatic),19.25,679.8,4904
Female,Yes,Yes,No,27,Yes,Yes,DSL,No,Yes,Yes,Yes,Yes,Yes,Month-to-month,No,Electronic check,83.85,2310.2,5907
Female,No,Yes,Yes,72,Yes,Yes,DSL,Yes,Yes,Yes,No,Yes,Yes,Two year,Yes,Credit card (automatic),83.6,5959.3,4116
Male,No,Yes,No,61,Yes,Yes,DSL,Yes,No,Yes,No,No,Yes,Two year,Yes,Mailed check,69.9,4226.7,5117
Female,Yes,Yes,No,58,Yes,No,Fiber optic,Yes,Yes,No,Yes,Yes,Yes,One year,Yes,Credit card (automatic),105.5,6205.5,5067
Male,No,Yes,No,22,Yes,No,Fiber optic,No,No,Yes,No,Yes,No,Month-to-month,Yes,Bank transfer (automatic),87.0,1850.65,5233
Female,No,No,No,5,Yes,Yes,Fiber optic,No,Yes,No,No,Yes,No,Month-to-month,Yes,Electronic check,90.8,455.5,5090
Female,Yes,No,No,26,Yes,Yes,Fiber optic,Yes,Yes,No,No,No,Yes,Month-to-month,Yes,Electronic check,95.0,2497.2,4232
Male,Yes,Yes,Yes,61,Yes,Yes,Fiber optic,No,Yes,No,No,Yes,Yes,One year,No,Electronic check,99.0,5969.3,5177
Male,Yes,Yes,No,40,Yes,Yes,Fiber optic,Yes,No,No,No,Yes,Yes,Month-to-month,No,Electronic check,101.85,4086.3,2837
Male,Yes,No,No,65,Yes,No,Fiber optic,No,Yes,Yes,No,Yes,Yes,Month-to-month,Yes,Bank transfer (automatic),99.1,6496.15,4574
Male,No,No,No,3,Yes,No,Fiber optic,No,Yes,Yes,Yes,Yes,Yes,Month-to-month,Yes,Electronic check,107.95,318.6,5653
Male,No,Yes,No,27,Yes,No,DSL,Yes,No,No,No,No,No,One year,No,Credit card (automatic),48.7,1421.75,3560
Male,No,No,No,69,Yes,Yes,DSL,Yes,Yes,Yes,Yes,Yes,No,Two year,Yes,Credit card (automatic),79.45,5502.55,5189
Female,No,Yes,Yes,54,Yes,Yes,DSL,No,Yes,Yes,No,No,No,Two year,Yes,Bank transfer (automatic),59.8,3246.45,5898
Female,No,No,No,29,Yes,Yes,DSL,Yes,Yes,No,Yes,No,No,Month-to-month,No,Mailed check,67.45,1801.1,3152
Female,Yes,No,No,6,Yes,No,Fiber optic,No,No,No,No,Yes,Yes,Month-to-month,Yes,Electronic check,89.35,567.8,2578
Male,No,No,No,18,Yes,No,No,No internet service,No internet service,No internet service,No internet service,No internet service,No internet service,Month-to-month,No,Mailed check,19.25,331.35,4769
Male,No,No,No,2,Yes,No,Fiber optic,No,No,No,No,No,No,Month-to-month,Yes,Credit card (automatic),69.8,134.7,2320
Female,No,No,No,22,Yes,No,No,No internet service,No internet service,No internet service,No internet service,No internet service,No internet service,Month-to-month,Yes,Mailed check,20.05,470.2,5555
Female,No,Yes,Yes,26,Yes,No,No,No internet service,No internet service,No internet service,No internet service,No internet service,No internet service,Two year,No,Credit card (automatic),19.65,494.9,4184
Male,No,No,Yes,11,Yes,Yes,Fiber optic,No,No,No,No,No,Yes,Month-to-month,No,Electronic check,86.2,893.2,3157
Male,No,Yes,Yes,57,Yes,Yes,Fiber optic,No,No,No,No,No,No,Month-to-month,Yes,Electronic check,74.3,4018.35,4133
Male,No,No,No,4,Yes,No,No,No internet service,No internet service,No internet service,No internet service,No internet service,No internet service,Month-to-month,Yes,Mailed check,19.65,67.55,4925
Male,No,No,No,36,Yes,Yes,Fiber optic,No,No,No,No,No,Yes,Month-to-month,Yes,Electronic check,84.9,3067.2,2455
Male,No,No,No,67,Yes,No,No,No internet service,No internet service,No internet service,No internet service,No internet service,No internet service,One year,Yes,Mailed check,19.45,1195.95,5343
Female,No,No,No,55,Yes,No,DSL,Yes,No,No,No,No,No,Month-to-month,Yes,Credit card (automatic),50.55,2832.75,6250
Female,No,Yes,No,27,Yes,Yes,Fiber optic,No,No,No,No,Yes,Yes,Month-to-month,No,Credit card (automatic),95.0,2462.55,4235
Male,No,No,No,1,Yes,No,DSL,No,No,No,No,No,No,Month-to-month,Yes,Mailed check,45.7,45.7,2295
Female,No,No,Yes,50,Yes,No,No,No internet service,No internet service,No internet service,No internet service,No internet service,No internet service,Two year,No,Credit card (automatic),20.15,970.85,4263
Female,No,Yes,No,72,Yes,Yes,DSL,Yes,Yes,Yes,Yes,Yes,Yes,Two year,Yes,Bank transfer (automatic),93.25,6688.95,5197
Female,No,No,No,3,Yes,No,DSL,No,No,No,No,No,Yes,Month-to-month,Yes,Electronic check,55.3,196.15,3190
Female,No,No,No,70,No,No phone service,DSL,Yes,No,Yes,Yes,Yes,Yes,Two year,Yes,Bank transfer (automatic),58.35,4214.25,4093
Female,No,No,No,71,Yes,Yes,Fiber optic,No,Yes,Yes,Yes,Yes,Yes,Two year,Yes,Electronic check,111.25,7984.15,4361
Female,No,Yes,No,4,Yes,No,No,No internet service,No internet service,No internet service,No internet service,No internet service,No internet service,Month-to-month,No,Mailed check,20.35,76.35,4133
Female,No,No,No,8,Yes,Yes,Fiber optic,No,No,No,No,No,No,Month-to-month,Yes,Credit card (automatic),74.6,548.9,2142
Female,No,No,No,32,Yes,No,No,No internet service,No internet service,No internet service,No internet service,No internet service,No internet service,Month-to-month,No,Bank transfer (automatic),19.9,601.55,4374
Female,No,No,No,12,Yes,Yes,DSL,No,No,No,Yes,Yes,Yes,One year,Yes,Mailed check,75.85,854.45,5942
Female,No,Yes,Yes,10,Yes,Yes,Fiber optic,No,No,No,No,No,Yes,Month-to-month,No,Electronic check,85.95,858.6,4922
Female,No,Yes,No,48,Yes,Yes,Fiber optic,No,No,No,No,No,Yes,One year,Yes,Mailed check,82.05,4029.95,3365
Female,No,No,No,57,Yes,No,Fiber optic,No,No,Yes,No,Yes,Yes,Two year,Yes,Electronic check,95.25,5464.65,5789
Female,No,No,No,9,Yes,No,Fiber optic,No,Yes,Yes,No,No,No,Month-to-month,No,Electronic check,80.55,653.9,3581
Male,Yes,No,No,12,Yes,No,Fiber optic,No,Yes,Yes,Yes,No,No,Month-to-month,Yes,Mailed check,83.8,1029.75,5565
Male,No,Yes,No,1,Yes,No,DSL,No,No,No,No,No,No,Month-to-month,Yes,Mailed check,45.85,45.85,3706
Female,No,No,No,23,Yes,No,Fiber optic,No,Yes,Yes,Yes,No,No,Month-to-month,No,Bank transfer (automatic),83.2,2032.3,2061
Female,No,Yes,Yes,72,Yes,Yes,DSL,Yes,No,Yes,Yes,Yes,Yes,Two year,No,Credit card (automatic),84.7,5893.9,6375
Female,No,No,No,1,Yes,No,DSL,No,No,No,No,No,No,Month-to-month,Yes,Electronic check,45.65,45.65,4689
Male,No,No,Yes,8,Yes,No,No,No internet service,No internet service,No internet service,No internet service,No internet service,No internet service,Month-to-month,No,Mailed check,20.35,178.7,4577
Female,No,No,No,3,Yes,No,No,No internet service,No internet service,No internet service,No internet service,No internet service,No internet service,Month-to-month,No,Mailed check,19.85,57.2,5634
Male,No,No,No,18,Yes,No,No,No internet service,No internet service,No internet service,No internet service,No internet service,No internet service,One year,No,Mailed check,19.65,411.25,4695
Male,No,No,No,22,Yes,Yes,Fiber optic,Yes,No,No,No,Yes,Yes,Month-to-month,Yes,Electronic check,100.75,2095.0,4152
Female,No,Yes,Yes,27,Yes,No,No,No internet service,No internet service,No internet service,No internet service,No internet service,No internet service,Two year,No,Mailed check,19.9,550.1,4870
Female,Yes,No,No,38,Yes,Yes,Fiber optic,No,No,No,Yes,Yes,Yes,Month-to-month,Yes,Electronic check,99.55,3734.25,3474
Male,No,Yes,Yes,72,Yes,Yes,Fiber optic,Yes,Yes,Yes,No,Yes,Yes,Two year,Yes,Bank transfer (automatic),110.3,7966.9,5780
Male,No,Yes,Yes,69,Yes,No,DSL,Yes,Yes,Yes,No,No,No,Two year,Yes,Bank transfer (automatic),59.75,4069.9,4665
Female,No,No,No,11,Yes,Yes,Fiber optic,Yes,No,No,No,No,No,Month-to-month,Yes,Bank transfer (automatic),79.0,929.3,3885
Male,No,No,Yes,14,Yes,No,No,No internet service,No internet service,No internet service,No internet service,No internet service,No internet service,Month-to-month,No,Mailed check,19.95,268.4,5770
Female,No,Yes,No,57,Yes,Yes,DSL,Yes,No,Yes,Yes,Yes,Yes,Two year,Yes,Electronic check,84.5,4845.4,5928
Female,No,No,Yes,35,Yes,No,No,No internet service,No internet service,No internet service,No internet service,No internet service,No internet service,One year,Yes,Credit card (automatic),20.1,644.5,3726
Male,No,No,Yes,2,Yes,Yes,DSL,Yes,Yes,No,No,No,No,Month-to-month,No,Bank transfer (automatic),60.95,134.6,3172
Male,Yes,No,No,23,Yes,Yes,Fiber optic,No,Yes,Yes,No,Yes,Yes,Month-to-month,Yes,Electronic check,106.4,2483.5,5507
Male,No,No,No,46,Yes,No,No,No internet service,No internet service,No internet service,No internet service,No internet service,No internet service,Two year,No,Bank transfer (automatic),20.05,902.0,2942
Female,No,No,No,12,Yes,No,No,No internet service,No internet service,No internet service,No internet service,No internet service,No internet service,Month-to-month,No,Bank transfer (automatic),19.45,227.45,4862
Female,Yes,No,No,7,Yes,No,DSL,No,Yes,No,No,No,No,Month-to-month,Yes,Mailed check,51.3,419.35,3660
Male,No,Yes,Yes,6,Yes,Yes,No,No internet service,No internet service,No internet service,No internet service,No internet service,No internet service,Two year,No,Mailed check,25.4,153.3,2882
Female,No,No,No,1,Yes,Yes,Fiber optic,No,No,No,No,No,No,Month-to-month,Yes,Mailed check,75.05,75.05,4838
Female,No,Yes,No,63,Yes,Yes,Fiber optic,No,Yes,Yes,Yes,Yes,Yes,Two year,Yes,Bank transfer (automatic),109.25,6841.4,5700
Female,No,Yes,Yes,61,Yes,Yes,DSL,Yes,Yes,No,No,No,No,Month-to-month,No,Electronic check,59.8,3641.5,5381
Female,No,No,No,31,Yes,No,Fiber optic,Yes,No,Yes,Yes,No,No,Month-to-month,No,Electronic check,87.6,2724.25,5094
Male,No,No,No,26,Yes,Yes,Fiber optic,No,No,No,Yes,No,No,Month-to-month,Yes,Electronic check,80.5,2088.8,2729
Male,No,No,No,33,Yes,Yes,DSL,No,Yes,No,No,No,No,Month-to-month,Yes,Bank transfer (automatic),54.65,1665.2,5201
Male,No,Yes,Yes,72,No,No phone service,DSL,Yes,Yes,Yes,Yes,Yes,Yes,Two year,Yes,Bank transfer (automatic),65.65,4664.5,4934
Female,No,Yes,No,41,Yes,No,DSL,Yes,No,No,Yes,Yes,Yes,One year,Yes,Credit card (automatic),74.7,3187.65,5246
Male,No,Yes,Yes,61,Yes,No,DSL,Yes,Yes,Yes,Yes,Yes,Yes,One year,No,Bank transfer (automatic),84.9,5264.5,4413
Male,No,Yes,No,15,Yes,No,No,No internet service,No internet service,No internet service,No internet service,No internet service,No internet service,One year,No,Mailed check,18.8,294.95,3977
Male,Yes,No,No,55,No,No phone service,DSL,No,No,Yes,No,Yes,Yes,One year,Yes,Bank transfer (automatic),50.05,2743.45,4932
Male,No,Yes,No,47,Yes,Yes,Fiber optic,No,No,Yes,Yes,Yes,Yes,Month-to-month,Yes,Bank transfer (automatic),107.35,5118.95,3620
Female,Yes,Yes,No,54,Yes,Yes,Fiber optic,No,Yes,No,No,Yes,Yes,One year,Yes,Credit card (automatic),101.5,5373.1,6405
Male,No,No,No,1,Yes,No,No,No internet service,No internet service,No internet service,No internet service,No internet service,No internet service,Month-to-month,No,Mailed check,20.3,20.3,5203
Female,No,No,No,47,Yes,Yes,Fiber optic,No,Yes,Yes,No,Yes,Yes,Month-to-month,Yes,Electronic check,106.35,4849.1,3723
Female,No,No,No,62,Yes,Yes,Fiber optic,Yes,Yes,Yes,Yes,Yes,Yes,One year,Yes,Credit card (automatic),115.05,7133.45,6494
Female,No,Yes,No,67,Yes,No,No,No internet service,No internet service,No internet service,No internet service,No internet service,No internet service,One year,Yes,Bank transfer (automatic),20.85,1327.4,5972
Male,No,No,No,37,Yes,No,DSL,Yes,Yes,Yes,Yes,No,No,Two year,No,Bank transfer (automatic),65.6,2313.8,3183
Female,Yes,No,No,53,Yes,No,Fiber optic,No,Yes,No,No,No,No,Month-to-month,Yes,Credit card (automatic),73.8,4003.85,6469
Female,No,Yes,No,62,Yes,No,DSL,Yes,No,Yes,Yes,Yes,Yes,Two year,No,Mailed check,81.0,4985.9,4684
Male,No,No,No,14,Yes,No,No,No internet service,No internet service,No internet service,No internet service,No internet service,No internet service,Month-to-month,Yes,Electronic check,20.05,299.3,5728
Male,No,No,Yes,6,Yes,No,No,No internet service,No internet service,No internet service,No internet service,No internet service,No internet service,Month-to-month,No,Mailed check,19.7,111.65,2276
Female,No,Yes,No,27,Yes,No,Fiber optic,Yes,No,No,Yes,Yes,Yes,One year,Yes,Credit card (automatic),101.9,2681.15,3795
Male,No,No,No,58,Yes,No,No,No internet service,No internet service,No internet service,No internet service,No internet service,No internet service,Two year,No,Credit card (automatic),20.3,1131.5,4335
Male,No,Yes,No,49,Yes,Yes,Fiber optic,No,Yes,No,No,Yes,Yes,Month-to-month,Yes,Bank transfer (automatic),99.05,4853.75,5157
Female,No,Yes,Yes,69,Yes,Yes,DSL,Yes,Yes,No,Yes,Yes,No,One year,No,Credit card (automatic),73.7,4885.85,4268
Female,No,Yes,No,70,Yes,No,DSL,No,Yes,Yes,Yes,Yes,Yes,Two year,Yes,Bank transfer (automatic),80.4,5717.85,6367
Female,No,No,No,1,Yes,No,No,No internet service,No internet service,No internet service,No internet service,No internet service,No internet service,Month-to-month,No,Mailed check,20.9,20.9,3901
Female,No,No,No,13,Yes,No,DSL,Yes,No,No,Yes,No,No,One year,No,Mailed check,55.15,742.9,3161
Female,No,No,No,1,No,No phone service,DSL,No,No,No,No,No,No,Month-to-month,Yes,Mailed check,24.9,24.9,5318
Female,Yes,No,No,9,Yes,No,Fiber optic,No,No,Yes,No,No,No,Month-to-month,No,Credit card (automatic),75.5,637.4,3021
Male,No,No,No,64,Yes,Yes,Fiber optic,Yes,Yes,No,No,No,No,One year,Yes,Credit card (automatic),84.3,5289.05,5044
Male,No,No,No,3,Yes,Yes,DSL,No,No,No,Yes,Yes,No,Month-to-month,Yes,Mailed check,65.25,209.9,2562
Male,Yes,No,Yes,11,Yes,No,DSL,No,Yes,No,Yes,No,No,Month-to-month,Yes,Electronic check,54.55,601.25,4143
Male,No,No,No,51,No,No phone service,DSL,Yes,No,No,Yes,No,Yes,Month-to-month,Yes,Credit card (automatic),44.45,2181.55,6087
Male,No,Yes,No,64,Yes,Yes,DSL,Yes,No,No,No,Yes,No,One year,Yes,Credit card (automatic),66.15,4392.5,4703
Female,No,No,No,13,Yes,No,No,No internet service,No internet service,No internet service,No internet service,No internet service,No internet service,Month-to-month,Yes,Mailed check,20.3,275.4,5332
Female,No,No,No,17,Yes,No,Fiber optic,No,No,No,No,No,No,Month-to-month,Yes,Electronic check,70.0,1144.5,4390
Male,No,Yes,Yes,17,Yes,Yes,DSL,Yes,No,Yes,No,Yes,No,One year,Yes,Bank transfer (automatic),70.35,1201.65,2704
Female,No,No,No,32,No,No phone service,DSL,Yes,No,No,No,No,No,One year,No,Mailed check,30.15,927.65,3585
Male,No,Yes,No,70,Yes,No,DSL,Yes,Yes,No,Yes,No,Yes,Two year,No,Mailed check,67.95,4664.15,5514
Male,No,No,No,1,Yes,No,Fiber optic,No,No,No,No,Yes,No,Month-to-month,Yes,Electronic check,79.55,79.55,5593
Male,No,Yes,Yes,45,Yes,Yes,Fiber optic,No,Yes,Yes,No,No,Yes,One year,Yes,Credit card (automatic),95.0,4368.85,2719
Female,No,No,No,44,Yes,Yes,Fiber optic,No,Yes,Yes,No,No,No,Month-to-month,Yes,Bank transfer (automatic),84.8,3862.55,3997
Female,No,Yes,Yes,12,Yes,Yes,No,No internet service,No internet service,No internet service,No internet service,No internet service,No internet service,Two year,No,Credit card (automatic),25.25,274.7,2646
Female,No,Yes,No,71,Yes,No,No,No internet service,No internet service,No internet service,No internet service,No internet service,No internet service,Two year,No,Credit card (automatic),19.85,1379.6,4121
Male,No,Yes,No,2,Yes,No,Fiber optic,No,No,Yes,No,No,No,Month-to-month,No,Electronic check,76.4,151.8,4340
Female,No,Yes,No,9,Yes,No,DSL,Yes,Yes,Yes,Yes,No,No,Month-to-month,No,Mailed check,65.0,663.05,3983
Female,No,No,No,7,No,No phone service,DSL,No,No,No,No,No,No,Month-to-month,No,Bank transfer (automatic),25.05,189.95,4404
Male,No,No,No,18,Yes,No,Fiber optic,No,No,No,Yes,No,No,Month-to-month,Yes,Bank transfer (automatic),75.9,1373.05,4668
Male,No,No,No,4,Yes,Yes,Fiber optic,No,No,No,No,No,No,Month-to-month,Yes,Bank transfer (automatic),72.2,305.55,5668
Female,No,No,No,15,Yes,No,No,No internet service,No internet service,No internet service,No internet service,No internet service,No internet service,Month-to-month,No,Mailed check,19.6,299.4,3195
Female,No,Yes,No,69,Yes,Yes,Fiber optic,Yes,No,No,No,Yes,Yes,Two year,No,Bank transfer (automatic),99.15,6875.35,5031
Female,No,No,No,1,Yes,No,DSL,No,No,No,No,No,No,Month-to-month,Yes,Mailed check,44.45,44.45,4879
Male,No,No,No,1,Yes,Yes,Fiber optic,No,No,No,No,Yes,No,Month-to-month,Yes,Mailed check,84.65,84.65,4261
Male,No,No,No,7,No,No phone service,DSL,No,No,No,No,No,No,One year,Yes,Credit card (automatic),24.35,150.85,4665
Female,No,Yes,Yes,58,No,No phone service,DSL,Yes,No,Yes,Yes,Yes,Yes,Two year,No,Mailed check,59.75,3624.35,4678
Female,No,No,No,45,Yes,Yes,Fiber optic,Yes,Yes,Yes,Yes,Yes,Yes,Month-to-month,Yes,Electronic check,115.65,5125.5,3974
Female,No,No,No,36,Yes,No,DSL,Yes,Yes,Yes,Yes,Yes,No,One year,Yes,Mailed check,76.35,2606.35,4771
Male,Yes,Yes,No,27,Yes,Yes,DSL,No,Yes,Yes,Yes,Yes,Yes,Month-to-month,Yes,Bank transfer (automatic),84.8,2309.55,5352
Male,Yes,Yes,No,65,Yes,Yes,Fiber optic,No,Yes,Yes,No,Yes,Yes,Month-to-month,Yes,Electronic check,104.35,6578.55,4073
Male,Yes,Yes,No,72,Yes,Yes,Fiber optic,Yes,Yes,Yes,Yes,Yes,Yes,Two year,Yes,Bank transfer (automatic),116.05,8404.9,4404
Female,No,Yes,No,15,Yes,Yes,No,No internet service,No internet service,No internet service,No internet service,No internet service,No internet service,Two year,No,Mailed check,25.2,387.9,4411
Male,No,No,No,2,Yes,No,DSL,No,No,No,Yes,Yes,Yes,Month-to-month,No,Electronic check,70.3,132.4,4799
Female,No,No,No,64,Yes,Yes,Fiber optic,No,No,Yes,No,Yes,Yes,One year,Yes,Credit card (automatic),100.05,6254.2,5452
Female,No,No,No,13,Yes,Yes,Fiber optic,Yes,No,No,No,Yes,Yes,Month-to-month,Yes,Electronic check,100.35,1358.85,2008
Male,No,Yes,No,70,Yes,No,DSL,Yes,Yes,Yes,No,Yes,Yes,Two year,Yes,Credit card (automatic),80.15,5600.15,5715
Male,No,No,No,1,Yes,Yes,DSL,No,No,Yes,No,No,No,Month-to-month,No,Electronic check,54.35,54.35,4212
Male,No,No,No,20,Yes,Yes,Fiber optic,No,No,Yes,No,Yes,No,Month-to-month,Yes,Credit card (automatic),90.7,1781.35,2927
Female,No,No,No,59,Yes,Yes,No,No internet service,No internet service,No internet service,No internet service,No internet service,No internet service,Two year,No,Electronic check,24.45,1493.1,6196
Male,Yes,Yes,No,31,Yes,Yes,Fiber optic,Yes,No,No,No,Yes,No,Month-to-month,No,Electronic check,89.45,2807.65,5597
Male,No,No,No,36,Yes,No,DSL,No,Yes,No,Yes,No,Yes,One year,Yes,Mailed check,65.4,2498.4,5220
Male,No,No,No,1,Yes,No,Fiber optic,No,No,No,No,Yes,Yes,Month-to-month,Yes,Electronic check,89.1,89.1,2905
Male,No,No,No,1,Yes,No,No,No internet service,No internet service,No internet service,No internet service,No internet service,No internet service,Month-to-month,No,Mailed check,20.1,20.1,5747
Female,No,No,No,9,Yes,No,No,No internet service,No internet service,No internet service,No internet service,No internet service,No internet service,Month-to-month,No,Mailed check,19.05,157.65,3248
Female,No,Yes,Yes,54,Yes,Yes,No,No internet service,No internet service,No internet service,No internet service,No internet service,No internet service,One year,Yes,Bank transfer (automatic),24.75,1342.15,6466
Female,No,Yes,No,61,Yes,No,No,No internet service,No internet service,No internet service,No internet service,No internet service,No internet service,Month-to-month,Yes,Mailed check,19.4,1182.55,4221
Male,No,No,No,5,Yes,Yes,Fiber optic,No,No,No,No,No,No,Month-to-month,Yes,Bank transfer (automatic),75.9,357.75,3520
Male,No,Yes,Yes,41,Yes,Yes,DSL,Yes,Yes,Yes,No,Yes,No,Month-to-month,Yes,Credit card (automatic),74.55,3023.55,2748
Male,No,Yes,No,72,Yes,No,DSL,Yes,Yes,Yes,Yes,Yes,Yes,Two year,No,Mailed check,84.45,6033.1,6297
Male,No,No,No,27,Yes,No,Fiber optic,No,No,No,No,No,No,Month-to-month,Yes,Mailed check,69.05,1793.25,3241
Male,No,No,No,35,Yes,No,DSL,No,No,No,No,Yes,No,Month-to-month,No,Mailed check,55.0,2010.55,2220
Female,Yes,No,No,16,Yes,Yes,Fiber optic,No,No,No,No,Yes,Yes,Month-to-month,Yes,Electronic check,96.15,1529.2,5913
Male,No,No,No,17,Yes,No,No,No internet service,No internet service,No internet service,No internet service,No internet service,No internet service,One year,No,Mailed check,19.95,310.6,2221
Male,No,Yes,Yes,62,Yes,Yes,No,No internet service,No internet service,No internet service,No internet service,No internet service,No internet service,One year,No,Bank transfer (automatic),24.8,1476.25,5105
Female,Yes,No,No,1,Yes,Yes,Fiber optic,No,No,No,No,No,No,Month-to-month,Yes,Electronic check,72.1,72.1,4432
Female,No,No,No,13,Yes,No,Fiber optic,No,Yes,No,No,No,No,One year,Yes,Mailed check,74.65,966.25,4172
Female,No,No,No,10,Yes,Yes,Fiber optic,No,No,No,No,No,No,Month-to-month,Yes,Electronic check,74.75,799.65,5578
Female,No,Yes,Yes,4,Yes,Yes,DSL,No,No,No,No,No,No,Month-to-month,No,Mailed check,50.85,239.55,5386
Male,No,No,No,10,Yes,No,No,No internet service,No internet service,No internet service,No internet service,No internet service,No internet service,One year,No,Mailed check,20.35,176.3,4745
Female,No,Yes,No,42,Yes,Yes,Fiber optic,No,No,No,No,Yes,Yes,Month-to-month,Yes,Electronic check,94.2,4186.3,5458
Female,No,No,No,1,Yes,No,No,No internet service,No internet service,No internet service,No internet service,No internet service,No internet service,Month-to-month,No,Credit card (automatic),19.95,19.95,2732
Male,No,Yes,No,67,Yes,Yes,Fiber optic,No,Yes,Yes,No,No,No,One year,No,Electronic check,87.4,5918.8,4421
Male,No,Yes,Yes,62,Yes,No,No,No internet service,No internet service,No internet service,No internet service,No internet service,No internet service,Two year,No,Credit card (automatic),20.05,1263.9,6444
Male,Yes,No,No,18,Yes,Yes,Fiber optic,No,No,Yes,Yes,Yes,No,Month-to-month,No,Bank transfer (automatic),93.9,1743.9,3728
Female,No,No,No,12,Yes,No,Fiber optic,No,Yes,No,No,No,Yes,Month-to-month,Yes,Electronic check,84.6,1017.35,4807
Male,No,No,Yes,9,Yes,No,DSL,No,Yes,No,No,No,No,Month-to-month,Yes,Electronic check,50.1,484.05,4738
Male,No,Yes,No,72,Yes,Yes,No,No internet service,No internet service,No internet service,No internet service,No internet service,No internet service,Two year,No,Credit card (automatic),25.75,1864.2,4413
Male,No,No,No,59,Yes,No,No,No internet service,No internet service,No internet service,No internet service,No internet service,No internet service,Two year,Yes,Bank transfer (automatic),20.2,1192.3,5216
Female,No,No,No,30,Yes,Yes,DSL,Yes,No,Yes,No,Yes,Yes,One year,Yes,Credit card (automatic),79.3,2427.1,2655
Female,No,No,No,70,Yes,Yes,Fiber optic,No,Yes,No,No,Yes,Yes,One year,No,Electronic check,98.9,6838.6,5980
Female,No,Yes,Yes,69,Yes,No,No,No internet service,No internet service,No internet service,No internet service,No internet service,No internet service,Two year,No,Bank transfer (automatic),20.15,1337.5,4554
Female,No,Yes,Yes,47,Yes,No,No,No internet service,No internet service,No internet service,No internet service,No internet service,No internet service,Two year,No,Credit card (automatic),20.05,1016.7,3260
Male,No,No,No,12,Yes,No,DSL,No,No,No,Yes,Yes,No,One year,Yes,Electronic check,59.8,727.8,4581
Female,No,Yes,No,42,Yes,Yes,Fiber optic,No,No,Yes,Yes,No,No,Month-to-month,Yes,Electronic check,84.3,3588.4,2514
Male,No,Yes,No,59,Yes,Yes,Fiber optic,No,No,Yes,No,Yes,Yes,One year,Yes,Bank transfer (automatic),99.5,5961.1,6098
Female,Yes,No,No,45,Yes,Yes,Fiber optic,No,No,Yes,No,Yes,Yes,One year,Yes,Bank transfer (automatic),102.15,4735.35,5391
Male,No,Yes,No,10,Yes,No,Fiber optic,No,No,No,No,No,No,Month-to-month,Yes,Electronic check,70.3,738.2,2162
Female,No,Yes,Yes,49,Yes,No,DSL,No,Yes,Yes,No,Yes,Yes,One year,No,Credit card (automatic),78.0,3824.2,4200
Female,No,Yes,Yes,58,Yes,Yes,No,No internet service,No internet service,No internet service,No internet service,No internet service,No internet service,Two year,No,Credit card (automatic),25.15,1509.9,6444
Male,Yes,No,No,21,Yes,No,DSL,No,No,Yes,No,Yes,No,Month-to-month,Yes,Bank transfer (automatic),60.05,1236.15,4716
Female,No,No,No,7,Yes,Yes,Fiber optic,No,No,No,No,No,No,Month-to-month,Yes,Electronic check,75.35,564.65,4989
Male,No,No,Yes,28,Yes,No,DSL,No,Yes,No,Yes,No,No,One year,Yes,Credit card (automatic),54.4,1516.6,4711
Male,Yes,Yes,No,32,Yes,Yes,Fiber optic,No,No,Yes,Yes,Yes,Yes,Month-to-month,Yes,Electronic check,104.9,3351.55,3966
Female,No,No,No,46,Yes,Yes,Fiber optic,No,No,Yes,No,Yes,Yes,One year,Yes,Electronic check,101.1,4674.4,4883
Male,No,No,No,12,Yes,Yes,Fiber optic,No,No,No,No,Yes,Yes,Month-to-month,Yes,Electronic check,96.05,1148.1,2577
Female,No,Yes,No,9,Yes,No,Fiber optic,No,No,No,No,Yes,Yes,Month-to-month,No,Electronic check,89.45,853.1,4971
Male,No,No,No,11,Yes,No,Fiber optic,No,No,No,Yes,No,No,Month-to-month,Yes,Electronic check,73.85,926.25,3634
Male,No,No,No,2,Yes,No,No,No internet service,No internet service,No internet service,No internet service,No internet service,No internet service,Month-to-month,No,Mailed check,20.35,33.2,5627
Male,No,No,No,2,Yes,No,Fiber optic,No,No,Yes,No,No,Yes,Month-to-month,Yes,Electronic check,85.85,167.3,3273
Female,No,Yes,No,54,Yes,Yes,Fiber optic,No,Yes,Yes,Yes,Yes,Yes,One year,No,Electronic check,110.35,5893.15,6189
Female,No,No,No,24,Yes,No,Fiber optic,Yes,No,No,No,Yes,Yes,Month-to-month,Yes,Electronic check,94.6,2283.15,3667
Female,No,No,No,3,Yes,No,Fiber optic,No,No,No,No,No,No,Month-to-month,Yes,Electronic check,69.85,199.85,4764
Male,No,No,No,1,Yes,No,DSL,No,No,No,No,No,No,Month-to-month,No,Electronic check,45.75,45.75,3531
Male,No,Yes,No,41,Yes,Yes,DSL,No,Yes,Yes,No,Yes,No,One year,No,Bank transfer (automatic),68.5,2839.95,3877
Female,No,Yes,No,39,No,No phone service,DSL,Yes,No,Yes,No,Yes,Yes,Month-to-month,No,Electronic check,55.9,2184.35,5632
Male,No,Yes,Yes,6,Yes,No,No,No internet service,No internet service,No internet service,No internet service,No internet service,No internet service,One year,No,Mailed check,19.45,113.5,3461
Female,No,Yes,Yes,42,Yes,Yes,No,No internet service,No internet service,No internet service,No internet service,No internet service,No internet service,Two year,No,Electronic check,22.95,1014.25,4650
Female,Yes,Yes,Yes,32,Yes,Yes,Fiber optic,No,Yes,No,No,Yes,Yes,Month-to-month,Yes,Electronic check,100.4,3217.65,4848
Female,No,No,Yes,2,Yes,No,DSL,No,Yes,No,No,No,No,Month-to-month,No,Mailed check,51.55,106.2,4057
Male,Yes,Yes,No,59,No,No phone service,DSL,Yes,No,Yes,Yes,Yes,Yes,Two year,Yes,Credit card (automatic),64.05,3886.85,6306
Male,No,No,No,1,Yes,No,Fiber optic,No,No,No,No,No,Yes,Month-to-month,Yes,Electronic check,80.8,80.8,4424
Female,No,Yes,Yes,15,Yes,No,No,No internet service,No internet service,No internet service,No internet service,No internet service,No internet service,Month-to-month,No,Mailed check,19.8,272.95,4167
Female,No,No,No,10,Yes,No,No,No internet service,No internet service,No internet service,No internet service,No internet service,No internet service,Month-to-month,Yes,Electronic check,21.2,222.65,2066
Female,No,No,No,7,Yes,No,Fiber optic,No,No,No,No,No,No,Month-to-month,Yes,Bank transfer (automatic),69.85,515.45,5501
Female,Yes,No,No,23,Yes,Yes,Fiber optic,No,No,Yes,No,No,No,Month-to-month,Yes,Mailed check,79.35,1835.3,3558
Male,No,No,No,69,Yes,No,No,No internet service,No internet service,No internet service,No internet service,No internet service,No internet service,Two year,No,Credit card (automatic),19.95,1399.35,4328
Female,Yes,No,No,23,Yes,No,Fiber optic,Yes,No,No,No,No,No,Month-to-month,Yes,Bank transfer (automatic),75.4,1643.55,2491
Female,No,No,No,40,Yes,Yes,DSL,No,No,Yes,Yes,Yes,Yes,One year,Yes,Mailed check,80.75,3208.65,2047
Male,No,No,No,6,Yes,No,DSL,Yes,No,Yes,Yes,Yes,Yes,Two year,Yes,Mailed check,80.25,493.4,2706
Male,No,No,No,46,Yes,Yes,Fiber optic,Yes,Yes,No,No,No,Yes,Month-to-month,Yes,Electronic check,93.7,4154.8,3378
Female,No,Yes,Yes,68,Yes,No,No,No internet service,No internet service,No internet service,No internet service,No internet service,No internet service,Two year,Yes,Bank transfer (automatic),19.35,1292.65,6303
Female,No,Yes,Yes,41,Yes,Yes,Fiber optic,No,Yes,Yes,Yes,Yes,Yes,One year,Yes,Bank transfer (automatic),109.1,4454.25,4854
Female,No,No,No,39,No,No phone service,DSL,Yes,Yes,No,Yes,No,No,One year,No,Bank transfer (automatic),41.15,1700.9,3445
Male,No,Yes,No,21,Yes,No,DSL,No,No,No,No,Yes,No,Month-to-month,No,Bank transfer (automatic),54.6,1125.2,5763
Male,No,No,No,37,Yes,No,Fiber optic,No,No,No,No,No,No,Month-to-month,Yes,Mailed check,70.35,2552.9,5402
Female,No,No,No,60,Yes,No,Fiber optic,No,Yes,Yes,No,Yes,Yes,Two year,Yes,Electronic check,99.65,5941.05,4616
Female,No,Yes,Yes,36,Yes,Yes,DSL,Yes,Yes,Yes,Yes,Yes,Yes,Two year,Yes,Credit card (automatic),92.9,3379.25,3570
Female,No,Yes,Yes,35,Yes,No,Fiber optic,Yes,No,Yes,Yes,Yes,Yes,Month-to-month,Yes,Electronic check,106.9,3756.45,5447
Female,No,Yes,No,72,Yes,Yes,Fiber optic,Yes,Yes,No,Yes,Yes,No,Two year,No,Bank transfer (automatic),99.9,7251.7,5915
Male,No,Yes,No,72,Yes,Yes,DSL,Yes,Yes,Yes,Yes,Yes,Yes,Two year,Yes,Bank transfer (automatic),89.05,6254.45,6212
Male,No,Yes,No,7,Yes,No,Fiber optic,No,No,No,No,No,No,Month-to-month,Yes,Electronic check,69.35,451.1,4292
Female,Yes,No,No,1,Yes,No,Fiber optic,No,No,No,No,No,No,Month-to-month,Yes,Mailed check,70.6,70.6,2576
Male,No,No,No,66,Yes,No,No,No internet service,No internet service,No internet service,No internet service,No internet service,No internet service,Two year,No,Bank transfer (automatic),19.7,1253.8,4601
Male,No,No,No,31,Yes,No,Fiber optic,No,No,Yes,Yes,Yes,Yes,Two year,No,Bank transfer (automatic),99.45,3109.9,2021
Male,No,No,No,7,Yes,Yes,Fiber optic,No,No,No,No,Yes,Yes,Month-to-month,Yes,Electronic check,93.85,635.6,3506
Female,Yes,No,No,2,Yes,No,Fiber optic,No,No,No,No,No,No,Month-to-month,Yes,Bank transfer (automatic),70.2,115.95,2767
Female,No,No,No,54,Yes,Yes,Fiber optic,No,Yes,Yes,No,Yes,No,One year,Yes,Bank transfer (automatic),94.75,5121.75,5665
Male,No,No,No,1,Yes,Yes,No,No internet service,No internet service,No internet service,No internet service,No internet service,No internet service,Month-to-month,Yes,Mailed check,24.05,24.05,3162
Male,No,Yes,No,71,Yes,No,DSL,No,Yes,No,Yes,Yes,Yes,Two year,Yes,Credit card (automatic),73.35,5154.5,5124
Male,No,No,No,4,Yes,No,No,No internet service,No internet service,No internet service,No internet service,No internet service,No internet service,Month-to-month,No,Mailed check,20.7,73.05,4676
Female,No,No,No,3,Yes,No,Fiber optic,No,No,No,No,Yes,No,Month-to-month,Yes,Electronic check,79.4,244.65,2448
Female,No,No,No,17,Yes,No,DSL,No,No,No,No,Yes,Yes,Month-to-month,Yes,Mailed check,64.7,1093.1,3022
Male,No,No,No,52,Yes,Yes,DSL,Yes,No,No,Yes,Yes,Yes,Two year,Yes,Credit card (automatic),79.75,4217.8,4142
Female,No,Yes,Yes,2,Yes,No,No,No internet service,No internet service,No internet service,No internet service,No internet service,No internet service,One year,No,Mailed check,20.3,31.9,2843
Female,No,Yes,No,14,Yes,No,Fiber optic,Yes,Yes,No,Yes,Yes,Yes,One year,No,Mailed check,105.95,1348.9,5887
Female,No,Yes,Yes,10,Yes,Yes,DSL,Yes,Yes,No,No,Yes,No,One year,No,Electronic check,70.3,676.15,5496
Male,No,No,No,2,Yes,No,No,No internet service,No internet service,No internet service,No internet service,No internet service,No internet service,Month-to-month,No,Mailed check,20.25,36.8,5736
Male,No,Yes,Yes,57,Yes,No,DSL,Yes,Yes,No,Yes,No,No,One year,No,Mailed check,59.6,3509.4,4778
Male,Yes,Yes,No,13,Yes,No,Fiber optic,No,No,No,No,No,No,Month-to-month,No,Bank transfer (automatic),70.45,849.1,5225
Male,Yes,No,No,64,Yes,Yes,Fiber optic,No,No,Yes,Yes,Yes,Yes,One year,No,Electronic check,102.1,6688.1,6100
Female,No,No,No,57,No,No phone service,DSL,Yes,No,Yes,Yes,No,No,One year,Yes,Credit card (automatic),41.1,2258.25,5281
Female,No,Yes,Yes,71,Yes,No,Fiber optic,No,No,Yes,No,No,No,Two year,No,Electronic check,76.05,5436.45,5841
Male,No,No,No,1,Yes,No,Fiber optic,No,No,No,No,No,No,Month-to-month,Yes,Mailed check,70.6,70.6,3530
Female,No,No,No,1,Yes,Yes,Fiber optic,No,No,No,No,No,No,Month-to-month,Yes,Electronic check,75.1,75.1,4335
Male,No,No,No,1,Yes,No,DSL,No,No,No,No,No,No,Month-to-month,No,Mailed check,44.6,44.6,4864
Female,Yes,Yes,No,53,Yes,Yes,Fiber optic,No,No,No,No,Yes,Yes,One year,Yes,Credit card (automatic),95.85,5016.25,5325
Female,No,No,No,1,Yes,Yes,DSL,No,No,No,No,No,Yes,Month-to-month,Yes,Electronic check,60.15,60.15,4611
Male,Yes,Yes,No,60,Yes,No,Fiber optic,No,Yes,Yes,No,Yes,Yes,One year,Yes,Electronic check,97.95,5867.0,6150
Female,No,Yes,No,1,Yes,No,DSL,No,No,No,No,No,No,Month-to-month,Yes,Electronic check,45.0,45.0,5669
Female,No,No,No,16,Yes,No,Fiber optic,No,No,No,No,Yes,No,Month-to-month,Yes,Electronic check,81.0,1312.15,2335
Female,No,No,No,70,Yes,No,No,No internet service,No internet service,No internet service,No internet service,No internet service,No internet service,One year,No,Bank transfer (automatic),19.7,1341.5,6072
Female,No,Yes,No,66,Yes,Yes,Fiber optic,Yes,Yes,No,Yes,No,No,One year,No,Electronic check,89.0,5898.6,4488
Female,No,No,No,25,Yes,No,Fiber optic,Yes,Yes,No,No,No,No,Month-to-month,Yes,Bank transfer (automatic),79.85,2015.35,4535
Female,No,No,No,1,Yes,No,No,No internet service,No internet service,No internet service,No internet service,No internet service,No internet service,Month-to-month,No,Mailed check,19.15,19.15,2577
Male,No,No,No,37,Yes,Yes,DSL,Yes,Yes,Yes,Yes,No,No,One year,No,Electronic check,67.45,2443.3,5042
Male,No,No,No,1,Yes,No,No,No internet service,No internet service,No internet service,No internet service,No internet service,No internet service,Month-to-month,Yes,Mailed check,19.45,19.45,5687
Female,No,No,No,4,Yes,No,Fiber optic,No,No,No,No,No,Yes,Month-to-month,Yes,Electronic check,79.15,317.25,5762
Female,No,No,No,3,Yes,No,DSL,No,No,No,No,No,No,Month-to-month,No,Electronic check,44.6,122.7,3122
Female,No,No,No,29,Yes,Yes,DSL,Yes,No,No,No,No,Yes,Month-to-month,Yes,Electronic check,66.1,1912.15,5590
Male,No,Yes,No,61,Yes,Yes,DSL,Yes,No,Yes,Yes,No,Yes,Two year,No,Credit card (automatic),75.35,4729.3,6466
Female,Yes,Yes,No,72,Yes,Yes,Fiber optic,Yes,Yes,Yes,Yes,Yes,Yes,Two year,Yes,Credit card (automatic),116.75,8277.05,5098
Male,No,Yes,Yes,68,Yes,No,Fiber optic,Yes,Yes,Yes,No,Yes,Yes,Two year,Yes,Credit card (automatic),103.25,7074.4,4751
Male,No,No,No,1,Yes,No,No,No internet service,No internet service,No internet service,No internet service,No internet service,No internet service,Month-to-month,No,Mailed check,20.15,20.15,4832
Male,No,Yes,Yes,51,Yes,No,No,No internet service,No internet service,No internet service,No internet service,No internet service,No internet service,Two year,No,Credit card (automatic),19.55,1086.75,5974
Female,No,No,No,8,Yes,Yes,Fiber optic,Yes,No,No,Yes,Yes,Yes,Month-to-month,Yes,Bank transfer (automatic),103.35,847.3,2363
Male,No,No,No,69,Yes,Yes,Fiber optic,Yes,Yes,Yes,No,Yes,Yes,Two year,Yes,Credit card (automatic),110.05,7430.75,5798
Male,No,No,No,14,Yes,No,No,No internet service,No internet service,No internet service,No internet service,No internet service,No internet service,One year,No,Mailed check,19.35,324.8,2400
Female,No,Yes,No,62,Yes,Yes,Fiber optic,No,No,Yes,No,Yes,Yes,Month-to-month,Yes,Electronic check,101.35,6164.7,5049
Female,Yes,No,No,50,Yes,Yes,Fiber optic,Yes,Yes,No,No,No,No,Month-to-month,Yes,Electronic check,83.4,4113.7,4977
Female,No,Yes,No,71,Yes,No,DSL,Yes,Yes,Yes,Yes,Yes,Yes,One year,Yes,Bank transfer (automatic),84.8,6046.1,5643
Male,No,No,No,38,Yes,No,DSL,No,No,Yes,Yes,No,Yes,One year,Yes,Mailed check,62.3,2354.8,3818
Male,Yes,Yes,No,58,Yes,Yes,Fiber optic,No,No,Yes,No,Yes,Yes,Month-to-month,Yes,Electronic check,98.7,5812.6,4662
Female,No,No,No,48,Yes,Yes,No,No internet service,No internet service,No internet service,No internet service,No internet service,No internet service,One year,No,Bank transfer (automatic),24.35,1133.7,4200
Male,No,No,No,2,No,No phone service,DSL,No,Yes,Yes,Yes,No,No,Month-to-month,Yes,Credit card (automatic),40.4,77.15,3620
Male,No,Yes,Yes,29,Yes,No,DSL,Yes,No,No,No,No,Yes,Month-to-month,Yes,Mailed check,60.2,1834.15,5517
Female,No,Yes,No,66,Yes,No,DSL,Yes,Yes,No,Yes,No,No,Two year,Yes,Credit card (automatic),58.2,3810.8,5313
Male,No,Yes,No,66,Yes,Yes,Fiber optic,No,Yes,No,Yes,Yes,Yes,One year,Yes,Electronic check,104.05,6890.0,5504
Male,No,Yes,Yes,54,No,No phone service,DSL,No,No,Yes,Yes,No,Yes,Two year,No,Credit card (automatic),46.0,2424.05,4451
Female,No,Yes,Yes,66,Yes,No,DSL,Yes,No,No,No,Yes,No,Two year,Yes,Electronic check,59.75,3996.8,5979
Male,No,No,No,18,Yes,No,No,No internet service,No internet service,No internet service,No internet service,No internet service,No internet service,One year,No,Mailed check,20.1,401.85,5586
Female,No,No,No,2,No,No phone service,DSL,No,No,No,No,No,Yes,Month-to-month,Yes,Electronic check,34.7,62.25,3146
Male,No,No,No,3,Yes,No,No,No internet service,No internet service,No internet service,No internet service,No internet service,No internet service,One year,No,Mailed check,19.6,61.35,2543
Male,Yes,No,No,1,No,No phone service,DSL,No,No,No,No,No,No,Month-to-month,Yes,Electronic check,25.1,25.1,5437
Female,No,Yes,Yes,1,Yes,No,No,No internet service,No internet service,No internet service,No internet service,No internet service,No internet service,Month-to-month,Yes,Mailed check,19.0,19.0,2400
Male,No,Yes,No,49,Yes,No,Fiber optic,No,Yes,No,No,Yes,No,Month-to-month,Yes,Credit card (automatic),85.3,4297.95,4696
Female,No,Yes,No,72,Yes,Yes,DSL,Yes,No,Yes,Yes,Yes,Yes,Two year,Yes,Credit card (automatic),85.9,6110.75,6361
Male,No,Yes,Yes,2,Yes,No,DSL,No,No,No,No,No,No,Month-to-month,Yes,Electronic check,44.5,90.05,5456
Male,No,Yes,No,11,Yes,No,No,No internet service,No internet service,No internet service,No internet service,No internet service,No internet service,One year,Yes,Mailed check,20.55,184.95,3971
Female,No,Yes,Yes,3,Yes,No,No,No internet service,No internet service,No internet service,No internet service,No internet service,No internet service,Month-to-month,No,Mailed check,19.3,54.7,5722
Female,No,Yes,Yes,33,Yes,Yes,Fiber optic,No,Yes,Yes,Yes,No,No,Month-to-month,No,Credit card (automatic),88.6,2888.7,3648
Male,No,No,No,8,No,No phone service,DSL,No,No,No,No,No,No,Month-to-month,No,Mailed check,25.5,215.2,5578
Female,No,No,No,63,Yes,Yes,Fiber optic,Yes,Yes,Yes,No,Yes,No,Two year,No,Credit card (automatic),98.0,6218.45,5989
Female,No,No,Yes,11,Yes,No,No,No internet service,No internet service,No internet service,No internet service,No internet service,No internet service,Month-to-month,No,Credit card (automatic),20.1,221.35,4500
Female,No,Yes,Yes,36,No,No phone service,DSL,Yes,No,Yes,Yes,No,No,Two year,No,Credit card (automatic),40.65,1547.35,2564
Male,No,Yes,Yes,8,Yes,No,Fiber optic,No,No,Yes,No,Yes,Yes,Month-to-month,Yes,Electronic check,94.75,759.55,5505
Female,Yes,No,No,10,No,No phone service,DSL,No,No,No,No,No,Yes,Month-to-month,Yes,Electronic check,34.7,329.8,3244
Female,No,No,No,3,Yes,Yes,Fiber optic,No,No,No,No,No,No,Month-to-month,Yes,Credit card (automatic),75.1,270.7,4965
Female,No,No,No,29,Yes,No,DSL,Yes,Yes,Yes,No,No,Yes,Month-to-month,Yes,Bank transfer (automatic),68.85,1970.5,5449
Female,No,Yes,Yes,64,Yes,Yes,DSL,No,Yes,No,No,No,No,One year,Yes,Bank transfer (automatic),53.85,3399.85,4954
Male,No,Yes,Yes,50,Yes,Yes,Fiber optic,Yes,Yes,Yes,No,Yes,Yes,One year,Yes,Electronic check,108.25,5431.4,4972
Male,Yes,No,No,1,Yes,No,Fiber optic,No,No,No,No,No,No,Month-to-month,Yes,Electronic check,69.75,69.75,5057
Female,No,Yes,Yes,7,Yes,No,Fiber optic,No,No,Yes,No,No,No,Month-to-month,Yes,Bank transfer (automatic),75.15,496.9,3457
Female,No,No,No,14,Yes,No,DSL,No,Yes,No,No,No,No,One year,No,Credit card (automatic),51.45,727.85,4298
Male,No,No,No,1,Yes,No,Fiber optic,No,No,No,No,No,No,Month-to-month,No,Mailed check,70.6,70.6,3338
Female,Yes,No,No,3,Yes,No,Fiber optic,No,No,No,No,No,No,Month-to-month,Yes,Electronic check,70.3,235.5,5165
Female,No,No,No,3,Yes,Yes,DSL,No,No,No,Yes,Yes,No,Month-to-month,No,Electronic check,64.6,174.2,5277
Female,No,No,No,2,Yes,Yes,Fiber optic,No,No,No,No,No,No,Month-to-month,Yes,Electronic check,75.9,143.35,2101
Male,No,Yes,No,36,No,No phone service,DSL,Yes,No,Yes,No,No,No,One year,No,Mailed check,35.35,1317.95,3314
Female,No,Yes,Yes,68,Yes,Yes,Fiber optic,No,Yes,No,Yes,Yes,Yes,Two year,Yes,Credit card (automatic),103.75,7039.45,4121
Male,Yes,No,No,33,Yes,Yes,Fiber optic,No,Yes,Yes,No,No,No,Month-to-month,Yes,Credit card (automatic),83.85,2716.3,2583
Female,No,No,No,9,Yes,Yes,Fiber optic,No,No,Yes,No,Yes,Yes,Month-to-month,No,Credit card (automatic),98.3,923.5,2954
Male,Yes,Yes,No,32,Yes,Yes,Fiber optic,No,No,No,No,No,Yes,Month-to-month,Yes,Electronic check,85.0,2642.05,4584
Male,No,Yes,No,22,Yes,No,DSL,Yes,No,No,Yes,No,No,Month-to-month,Yes,Electronic check,54.2,1152.7,5102
Female,No,Yes,No,19,Yes,Yes,Fiber optic,No,Yes,No,No,No,Yes,Month-to-month,Yes,Electronic check,89.1,1620.8,3624
Male,No,Yes,No,67,Yes,No,DSL,Yes,No,Yes,Yes,No,No,Two year,Yes,Bank transfer (automatic),60.4,3953.7,5356
Female,No,Yes,Yes,41,Yes,No,No,No internet service,No internet service,No internet service,No internet service,No internet service,No internet service,Two year,No,Bank transfer (automatic),19.7,804.25,2902
Female,No,No,No,3,Yes,No,Fiber optic,No,No,No,Yes,No,Yes,Month-to-month,No,Electronic check,85.8,272.2,5641
Male,No,No,No,52,Yes,No,No,No internet service,No internet service,No internet service,No internet service,No internet service,No internet service,Two year,No,Mailed check,19.65,1025.05,5157
Female,No,No,No,1,Yes,No,Fiber optic,No,No,No,No,No,Yes,Month-to-month,Yes,Electronic check,81.95,81.95,5622
Female,No,Yes,Yes,2,Yes,No,DSL,No,No,No,No,Yes,Yes,Month-to-month,No,Mailed check,65.7,134.35,4265
Female,No,No,No,2,Yes,No,Fiber optic,No,Yes,No,No,Yes,No,Month-to-month,Yes,Bank transfer (automatic),87.15,183.75,4149
Male,No,Yes,Yes,8,Yes,No,No,No internet service,No internet service,No internet service,No internet service,No internet service,No internet service,Month-to-month,Yes,Mailed check,19.35,152.6,5416
Female,Yes,Yes,No,42,Yes,Yes,Fiber optic,No,Yes,Yes,No,Yes,No,Month-to-month,Yes,Electronic check,95.55,3930.6,4121
Female,Yes,Yes,No,13,Yes,No,Fiber optic,No,No,No,No,No,No,Month-to-month,Yes,Electronic check,70.15,916.75,5101
Female,No,No,No,8,Yes,Yes,DSL,Yes,No,No,Yes,No,Yes,Month-to-month,No,Electronic check,71.15,563.65,2662
Female,No,Yes,No,53,Yes,No,No,No internet service,No internet service,No internet service,No internet service,No internet service,No internet service,One year,No,Credit card (automatic),19.05,990.45,6160
Female,No,No,No,15,Yes,No,Fiber optic,No,Yes,No,No,Yes,No,Month-to-month,Yes,Bank transfer (automatic),83.2,1130.0,4096
Female,No,No,No,39,No,No phone service,DSL,No,No,Yes,No,Yes,Yes,Month-to-month,Yes,Electronic check,50.75,2011.4,4119
Male,Yes,Yes,No,27,No,No phone service,DSL,No,No,No,No,No,Yes,Month-to-month,No,Bank transfer (automatic),36.5,1032.0,4564
Female,No,No,No,1,Yes,Yes,Fiber optic,No,Yes,No,No,Yes,Yes,Month-to-month,Yes,Credit card (automatic),100.25,100.25,5797
Female,No,No,No,46,Yes,No,No,No internet service,No internet service,No internet service,No internet service,No internet service,No internet service,Two year,Yes,Electronic check,21.1,937.1,4791
Male,No,Yes,No,17,Yes,Yes,Fiber optic,No,Yes,No,No,No,No,Month-to-month,Yes,Bank transfer (automatic),80.5,1336.9,3591
Male,No,Yes,Yes,51,Yes,No,No,No internet service,No internet service,No internet service,No internet service,No internet service,No internet service,One year,No,Mailed check,19.4,997.75,4025
Female,No,No,No,9,Yes,No,Fiber optic,No,No,Yes,No,No,Yes,Month-to-month,Yes,Credit card (automatic),85.3,781.4,5850
Female,Yes,No,No,45,Yes,Yes,Fiber optic,No,No,Yes,No,Yes,Yes,One year,Yes,Bank transfer (automatic),100.15,4459.8,2636
Male,No,Yes,Yes,69,Yes,Yes,Fiber optic,No,Yes,Yes,No,Yes,Yes,Two year,Yes,Electronic check,105.0,7297.75,5436
Female,No,Yes,Yes,57,Yes,No,No,No internet service,No internet service,No internet service,No internet service,No internet service,No internet service,Two year,No,Bank transfer (automatic),19.75,1272.05,4235
Female,No,No,Yes,22,No,No phone service,DSL,No,No,Yes,No,Yes,Yes,One year,Yes,Credit card (automatic),49.45,1031.4,5941
Male,No,No,No,1,Yes,No,Fiber optic,No,No,No,No,Yes,No,Month-to-month,Yes,Electronic check,80.55,80.55,3154
Male,No,No,No,10,Yes,No,DSL,Yes,No,No,No,No,No,Month-to-month,Yes,Mailed check,51.65,524.5,4292
Male,No,No,No,32,Yes,No,No,No internet service,No internet service,No internet service,No internet service,No internet service,No internet service,Two year,Yes,Bank transfer (automatic),20.05,614.45,3398
Female,No,Yes,Yes,16,Yes,Yes,Fiber optic,No,Yes,No,No,No,No,Month-to-month,Yes,Credit card (automatic),79.95,1267.95,3855
Female,No,Yes,Yes,57,Yes,No,Fiber optic,No,Yes,No,No,Yes,Yes,One year,Yes,Electronic check,95.0,5535.8,6245
Female,No,No,No,18,Yes,No,No,No internet service,No internet service,No internet service,No internet service,No internet service,No internet service,Month-to-month,No,Mailed check,19.65,391.7,4333
Female,No,Yes,No,41,Yes,No,DSL,No,Yes,No,Yes,No,Yes,One year,Yes,Bank transfer (automatic),66.5,2728.6,2517
Male,No,No,No,14,Yes,No,Fiber optic,No,No,Yes,No,No,No,Month-to-month,No,Electronic check,76.45,1117.55,2292
Female,No,No,No,9,Yes,Yes,Fiber optic,No,No,No,No,Yes,Yes,Month-to-month,Yes,Electronic check,94.75,889.9,2893
Female,Yes,No,No,13,Yes,Yes,Fiber optic,Yes,No,No,No,Yes,Yes,Month-to-month,Yes,Electronic check,100.8,1308.1,3269
Male,No,No,No,1,Yes,Yes,Fiber optic,No,No,No,No,No,No,Month-to-month,Yes,Electronic check,75.1,75.1,4120
Male,No,Yes,No,68,Yes,No,Fiber optic,No,Yes,No,Yes,Yes,Yes,One year,Yes,Electronic check,100.3,6754.35,5757
Female,No,Yes,Yes,48,Yes,No,No,No internet service,No internet service,No internet service,No internet service,No internet service,No internet service,Two year,No,Bank transfer (automatic),20.2,1027.25,3828
Male,Yes,No,No,13,Yes,Yes,Fiber optic,No,Yes,Yes,No,Yes,Yes,Month-to-month,Yes,Electronic check,106.9,1364.3,2494
Male,No,No,No,2,Yes,No,DSL,Yes,No,Yes,No,No,No,Month-to-month,Yes,Mailed check,55.1,113.35,4235
Female,No,No,No,32,Yes,Yes,DSL,Yes,No,No,No,Yes,Yes,One year,No,Mailed check,74.75,2282.95,2830
Female,No,Yes,No,51,Yes,No,DSL,Yes,Yes,No,Yes,No,No,One year,Yes,Bank transfer (automatic),60.5,3145.15,4207
Female,No,No,No,1,Yes,No,Fiber optic,No,No,No,No,No,No,Month-to-month,No,Mailed check,69.55,69.55,2792
Female,No,No,No,25,Yes,No,No,No internet service,No internet service,No internet service,No internet service,No internet service,No internet service,One year,No,Credit card (automatic),19.9,527.5,3048
Female,No,Yes,Yes,14,Yes,No,No,No internet service,No internet service,No internet service,No internet service,No internet service,No internet service,Two year,No,Mailed check,18.8,255.55,5751
Female,No,Yes,No,30,Yes,No,DSL,No,Yes,Yes,Yes,No,Yes,One year,No,Bank transfer (automatic),70.25,2198.9,5417
Female,No,Yes,Yes,72,Yes,Yes,Fiber optic,Yes,Yes,Yes,Yes,Yes,Yes,Two year,No,Credit card (automatic),117.5,8670.1,6009
Female,No,Yes,No,56,Yes,Yes,Fiber optic,No,No,No,No,Yes,No,Month-to-month,Yes,Bank transfer (automatic),85.6,4902.8,6483
Male,No,Yes,No,72,Yes,Yes,Fiber optic,Yes,Yes,Yes,No,Yes,No,Two year,Yes,Credit card (automatic),97.95,7114.25,4256
Male,No,Yes,Yes,53,Yes,No,No,No internet service,No internet service,No internet service,No internet service,No internet service,No internet service,Two year,Yes,Mailed check,19.4,1110.35,4497
Male,No,No,Yes,3,Yes,No,DSL,Yes,No,Yes,No,No,No,Month-to-month,No,Mailed check,55.9,157.55,4648
Male,No,No,No,39,Yes,Yes,Fiber optic,No,No,No,No,No,No,Month-to-month,No,Electronic check,75.25,3017.65,4696
Male,No,Yes,No,40,Yes,Yes,Fiber optic,No,Yes,No,No,Yes,Yes,Month-to-month,Yes,Electronic check,101.3,4113.1,2576
Male,No,No,Yes,60,Yes,No,No,No internet service,No internet service,No internet service,No internet service,No internet service,No internet service,Two year,No,Mailed check,19.95,1189.9,5316
Female,No,No,No,68,Yes,Yes,DSL,No,Yes,Yes,No,Yes,Yes,Two year,Yes,Electronic check,80.65,5330.2,5914
Male,No,Yes,Yes,52,Yes,No,DSL,Yes,Yes,Yes,No,Yes,Yes,Two year,No,Electronic check,79.2,4016.3,4509
Male,No,No,Yes,23,No,No phone service,DSL,Yes,Yes,No,Yes,No,No,One year,No,Bank transfer (automatic),40.65,947.4,5230
Male,No,Yes,No,61,Yes,No,DSL,Yes,Yes,No,Yes,Yes,Yes,Two year,Yes,Mailed check,81.05,4747.65,4072
Female,No,Yes,Yes,67,Yes,No,No,No internet service,No internet service,No internet service,No internet service,No internet service,No internet service,Two year,Yes,Bank transfer (automatic),19.25,1372.9,5154
Male,No,Yes,No,66,Yes,No,DSL,Yes,Yes,Yes,Yes,Yes,Yes,Two year,Yes,Bank transfer (automatic),85.9,5595.3,5137
Male,No,Yes,No,8,Yes,Yes,No,No internet service,No internet service,No internet service,No internet service,No internet service,No internet service,One year,No,Mailed check,24.4,203.95,2028
Female,No,Yes,Yes,35,Yes,Yes,DSL,Yes,Yes,No,No,No,No,Month-to-month,Yes,Credit card (automatic),59.45,2136.9,3682
Male,No,Yes,No,62,No,No phone service,DSL,Yes,Yes,No,Yes,No,No,Two year,Yes,Credit card (automatic),38.6,2345.55,4558
Female,No,No,No,1,Yes,No,Fiber optic,Yes,Yes,No,Yes,No,No,Month-to-month,Yes,Mailed check,83.4,83.4,5960
Male,No,No,No,1,Yes,No,No,No internet service,No internet service,No internet service,No internet service,No internet service,No internet service,Month-to-month,Yes,Mailed check,20.45,20.45,2184
Female,No,Yes,Yes,41,Yes,No,No,No internet service,No internet service,No internet service,No internet service,No internet service,No internet service,Two year,No,Bank transfer (automatic),19.3,772.4,4180
Male,Yes,Yes,No,72,Yes,Yes,Fiber optic,No,Yes,No,No,Yes,Yes,Two year,No,Bank transfer (automatic),98.35,6929.4,6120
Male,No,No,No,5,Yes,Yes,Fiber optic,No,No,Yes,No,Yes,No,Month-to-month,Yes,Electronic check,92.5,452.7,2810
Female,No,Yes,Yes,71,Yes,Yes,Fiber optic,Yes,Yes,Yes,Yes,Yes,Yes,Two year,No,Bank transfer (automatic),114.6,8100.25,4071
Male,Yes,No,No,1,Yes,Yes,Fiber optic,No,No,No,No,No,No,Month-to-month,Yes,Electronic check,73.65,73.65,5443
Male,No,No,No,1,Yes,No,DSL,No,No,No,No,No,No,Month-to-month,Yes,Bank transfer (automatic),43.85,43.85,5913
Female,No,No,Yes,62,Yes,Yes,No,No internet service,No internet service,No internet service,No internet service,No internet service,No internet service,Two year,No,Bank transfer (automatic),26.0,1638.7,4535
Female,No,Yes,Yes,47,Yes,No,No,No internet service,No internet service,No internet service,No internet service,No internet service,No internet service,Two year,Yes,Bank transfer (automatic),21.3,1041.8,2861
Female,Yes,No,No,16,Yes,No,Fiber optic,No,No,No,Yes,Yes,Yes,Month-to-month,Yes,Electronic check,94.45,1511.2,3810
Female,No,Yes,No,61,Yes,Yes,Fiber optic,No,No,No,Yes,Yes,Yes,One year,No,Bank transfer (automatic),101.15,6383.9,5177
Male,No,Yes,No,23,Yes,No,No,No internet service,No internet service,No internet service,No internet service,No internet service,No internet service,One year,No,Credit card (automatic),19.3,486.2,2111
Female,No,No,No,12,Yes,No,Fiber optic,No,No,Yes,Yes,No,Yes,Month-to-month,Yes,Electronic check,89.4,1095.65,5047
Male,No,Yes,No,27,Yes,Yes,DSL,Yes,No,No,Yes,Yes,Yes,One year,No,Mailed check,80.85,2204.35,4732
Female,No,Yes,No,38,Yes,No,No,No internet service,No internet service,No internet service,No internet service,No internet service,No internet service,One year,Yes,Credit card (automatic),20.25,814.75,4411
Female,No,No,No,29,Yes,No,No,No internet service,No internet service,No internet service,No internet service,No internet service,No internet service,One year,No,Mailed check,20.0,599.3,4128
Female,No,Yes,No,64,Yes,Yes,No,No internet service,No internet service,No internet service,No internet service,No internet service,No internet service,Two year,No,Mailed check,25.55,1714.95,4312
Female,No,No,No,51,Yes,No,No,No internet service,No internet service,No internet service,No internet service,No internet service,No internet service,Two year,No,Bank transfer (automatic),20.65,1020.75,4725
Male,No,No,No,51,Yes,Yes,DSL,Yes,No,No,Yes,No,No,One year,No,Credit card (automatic),59.9,3043.6,5233
Male,No,No,No,27,Yes,Yes,DSL,No,No,No,No,No,No,Month-to-month,No,Mailed check,49.0,1291.35,5428
Male,No,No,No,5,Yes,No,DSL,No,No,Yes,Yes,Yes,No,Month-to-month,Yes,Credit card (automatic),63.95,318.1,3099
Female,No,Yes,Yes,72,Yes,Yes,Fiber optic,Yes,Yes,No,No,Yes,No,Two year,Yes,Electronic check,95.1,6843.15,5584
Female,No,Yes,No,51,Yes,Yes,DSL,No,Yes,No,Yes,Yes,Yes,One year,Yes,Credit card (automatic),78.65,3950.85,5408
Female,No,No,No,14,Yes,No,Fiber optic,No,No,No,No,Yes,Yes,Month-to-month,Yes,Mailed check,89.8,1129.1,4107
Male,No,No,No,22,Yes,No,DSL,Yes,No,No,Yes,No,No,Month-to-month,No,Mailed check,55.1,1253.15,2729
Male,No,Yes,No,41,Yes,Yes,Fiber optic,No,No,Yes,Yes,Yes,Yes,One year,Yes,Electronic check,102.6,4213.35,2098
Female,No,No,No,42,Yes,No,No,No internet service,No internet service,No internet service,No internet service,No internet service,No internet service,Two year,Yes,Bank transfer (automatic),20.75,844.45,2574
Female,No,No,Yes,4,Yes,No,Fiber optic,No,No,No,No,No,No,Month-to-month,Yes,Electronic check,70.15,268.35,2227
Female,No,Yes,No,72,Yes,Yes,Fiber optic,Yes,Yes,No,Yes,No,No,Two year,Yes,Bank transfer (automatic),90.35,6563.4,5794
Female,No,No,Yes,4,Yes,No,No,No internet service,No internet service,No internet service,No internet service,No internet service,No internet service,Month-to-month,Yes,Bank transfer (automatic),20.05,85.5,4462
Female,Yes,Yes,No,20,Yes,No,DSL,No,Yes,No,No,No,Yes,Month-to-month,Yes,Electronic check,60.0,1259.35,2399
Female,No,No,No,22,Yes,No,DSL,No,Yes,Yes,No,Yes,No,One year,No,Bank transfer (automatic),65.25,1441.8,5146
Male,No,No,No,37,Yes,Yes,Fiber optic,No,Yes,No,Yes,Yes,Yes,One year,Yes,Credit card (automatic),104.5,3778.0,4812
Female,No,No,No,1,Yes,No,DSL,Yes,No,No,No,No,No,Month-to-month,No,Bank transfer (automatic),49.55,49.55,5277
Male,Yes,No,No,20,Yes,Yes,Fiber optic,No,No,Yes,No,Yes,Yes,Month-to-month,Yes,Electronic check,98.55,1842.8,5444
Female,No,Yes,No,25,Yes,No,Fiber optic,No,No,Yes,No,No,No,Month-to-month,Yes,Electronic check,74.6,1797.75,4591
Male,No,No,No,4,Yes,Yes,Fiber optic,No,Yes,No,No,No,No,Month-to-month,No,Electronic check,78.45,330.05,5048
Male,No,Yes,Yes,72,Yes,Yes,No,No internet service,No internet service,No internet service,No internet service,No internet service,No internet service,Two year,No,Credit card (automatic),25.55,1867.7,6425
Female,No,Yes,No,32,Yes,No,No,No internet service,No internet service,No internet service,No internet service,No internet service,No internet service,Month-to-month,No,Bank transfer (automatic),19.4,641.15,3846
Female,No,Yes,Yes,59,Yes,No,No,No internet service,No internet service,No internet service,No internet service,No internet service,No internet service,Two year,No,Credit card (automatic),19.5,1222.65,4579
Female,No,No,No,35,Yes,No,No,No internet service,No internet service,No internet service,No internet service,No internet service,No internet service,Month-to-month,No,Bank transfer (automatic),19.25,617.65,4988
Male,No,No,Yes,53,Yes,No,DSL,Yes,Yes,No,Yes,No,No,One year,No,Credit card (automatic),62.85,3419.5,6281
Male,No,No,No,71,Yes,Yes,Fiber optic,No,Yes,No,No,No,No,One year,Yes,Credit card (automatic),79.05,5552.5,5466
Female,No,No,Yes,11,Yes,Yes,Fiber optic,No,No,Yes,No,Yes,Yes,Month-to-month,Yes,Bank transfer (automatic),97.85,1105.4,5674
Female,No,Yes,Yes,52,Yes,No,No,No internet service,No internet service,No internet service,No internet service,No internet service,No internet service,Two year,No,Mailed check,19.85,1070.5,5432
Male,No,No,No,43,No,No phone service,DSL,Yes,No,Yes,No,No,No,One year,Yes,Credit card (automatic),35.2,1463.7,5268
Female,No,Yes,Yes,23,Yes,Yes,No,No internet service,No internet service,No internet service,No internet service,No internet service,No internet service,Two year,Yes,Credit card (automatic),25.6,514.75,5939
Female,No,Yes,Yes,11,No,No phone service,DSL,Yes,No,No,No,Yes,Yes,Month-to-month,No,Electronic check,50.55,565.35,3443
Male,No,No,No,28,Yes,Yes,Fiber optic,No,Yes,Yes,No,Yes,Yes,Month-to-month,Yes,Electronic check,105.7,2979.5,2464
Female,No,Yes,No,63,Yes,Yes,Fiber optic,Yes,No,No,No,Yes,Yes,One year,Yes,Credit card (automatic),99.65,6311.2,4572
Male,Yes,No,No,13,Yes,No,DSL,No,Yes,No,No,Yes,No,Month-to-month,Yes,Electronic check,59.9,788.35,5254
Female,No,No,No,17,Yes,Yes,Fiber optic,Yes,Yes,No,No,Yes,No,Month-to-month,Yes,Electronic check,94.4,1617.5,2825
Male,No,No,No,3,Yes,No,Fiber optic,Yes,No,No,No,No,Yes,Month-to-month,Yes,Mailed check,86.05,244.85,2500
Female,No,No,No,4,Yes,No,DSL,No,No,No,No,No,No,Month-to-month,No,Mailed check,45.65,191.05,2864
Male,No,Yes,Yes,47,Yes,Yes,Fiber optic,No,Yes,No,No,Yes,No,Month-to-month,No,Electronic check,87.2,4017.45,3760
Female,No,Yes,Yes,69,Yes,No,DSL,No,Yes,Yes,Yes,No,No,One year,No,Bank transfer (automatic),59.1,4134.7,5846
Female,No,No,No,3,Yes,No,Fiber optic,Yes,Yes,No,No,No,No,Month-to-month,Yes,Electronic check,79.1,246.5,5339
Female,No,Yes,Yes,11,Yes,Yes,No,No internet service,No internet service,No internet service,No internet service,No internet service,No internet service,Two year,No,Mailed check,25.0,300.7,5409
Female,Yes,No,No,8,Yes,No,Fiber optic,No,No,Yes,No,Yes,Yes,Month-to-month,Yes,Credit card (automatic),94.45,742.95,3676
Male,No,No,No,4,Yes,No,No,No internet service,No internet service,No internet service,No internet service,No internet service,No internet service,Month-to-month,No,Mailed check,19.0,78.9,3022
Female,No,No,No,53,No,No phone service,DSL,Yes,Yes,Yes,Yes,Yes,No,One year,Yes,Electronic check,53.6,2879.2,5183
Female,No,Yes,Yes,20,Yes,No,No,No internet service,No internet service,No internet service,No internet service,No internet service,No internet service,Month-to-month,No,Electronic check,20.0,417.65,3402
Male,Yes,No,No,5,No,No phone service,DSL,No,No,Yes,Yes,Yes,No,Month-to-month,No,Credit card (automatic),45.4,214.75,2599
Female,No,No,No,4,Yes,No,Fiber optic,No,No,No,No,No,No,Month-to-month,Yes,Credit card (automatic),70.05,266.9,3600
Female,No,No,No,62,Yes,No,DSL,Yes,No,No,Yes,No,Yes,Two year,Yes,Mailed check,65.1,3846.75,5172
Female,Yes,No,No,44,Yes,No,Fiber optic,No,Yes,Yes,No,No,Yes,One year,No,Credit card (automatic),89.15,3990.75,4368
Male,No,No,No,3,Yes,No,No,No internet service,No internet service,No internet service,No internet service,No internet service,No internet service,Month-to-month,Yes,Mailed check,19.8,58.15,4323
Female,No,Yes,Yes,72,Yes,Yes,DSL,Yes,No,Yes,Yes,Yes,Yes,Two year,Yes,Bank transfer (automatic),84.2,5986.55,5598
Male,No,Yes,Yes,12,Yes,No,No,No internet service,No internet service,No internet service,No internet service,No internet service,No internet service,Two year,No,Mailed check,19.7,258.35,5104
Male,No,Yes,Yes,2,Yes,No,Fiber optic,Yes,No,No,No,Yes,Yes,Month-to-month,No,Electronic check,97.1,184.15,5745
Male,No,Yes,No,48,Yes,No,No,No internet service,No internet service,No internet service,No internet service,No internet service,No internet service,Two year,No,Mailed check,19.25,855.1,2282
Male,No,No,No,4,Yes,No,DSL,No,No,No,No,Yes,No,Month-to-month,Yes,Electronic check,56.4,234.85,5344
Female,No,No,No,34,Yes,Yes,Fiber optic,No,No,No,No,Yes,No,Month-to-month,No,Electronic check,85.35,2896.6,3818
Male,No,No,No,62,Yes,No,DSL,Yes,Yes,No,No,Yes,Yes,One year,Yes,Credit card (automatic),74.3,4698.05,5974
Male,No,No,No,1,Yes,No,Fiber optic,No,No,No,No,No,Yes,Month-to-month,Yes,Mailed check,80.85,80.85,3096
Male,No,Yes,No,53,Yes,Yes,DSL,Yes,No,Yes,Yes,Yes,No,One year,No,Bank transfer (automatic),77.4,4155.95,5313
Male,Yes,Yes,No,22,Yes,No,Fiber optic,No,No,No,No,Yes,Yes,Month-to-month,Yes,Bank transfer (automatic),89.75,1938.9,4180
Female,No,No,No,72,Yes,No,DSL,Yes,Yes,Yes,Yes,No,Yes,Two year,Yes,Credit card (automatic),73.0,5265.2,5127
Female,No,No,No,3,Yes,No,Fiber optic,No,Yes,No,No,Yes,Yes,Month-to-month,No,Electronic check,95.4,293.15,2813
Male,No,Yes,Yes,1,Yes,No,No,No internet service,No internet service,No internet service,No internet service,No internet service,No internet service,One year,No,Credit card (automatic),19.85,19.85,2618
Female,No,No,Yes,67,Yes,Yes,Fiber optic,No,Yes,No,Yes,Yes,Yes,Two year,Yes,Electronic check,104.0,7039.05,4741
Female,No,No,No,4,Yes,Yes,DSL,No,No,No,Yes,Yes,No,Month-to-month,Yes,Mailed check,64.4,253.0,3334
Male,No,Yes,No,26,Yes,No,No,No internet service,No internet service,No internet service,No internet service,No internet service,No internet service,One year,Yes,Bank transfer (automatic),20.05,505.9,2403
Male,No,No,No,2,Yes,Yes,Fiber optic,No,No,No,No,No,Yes,Month-to-month,Yes,Electronic check,86.0,165.45,4546
Female,No,No,No,2,Yes,No,No,No internet service,No internet service,No internet service,No internet service,No internet service,No internet service,Month-to-month,No,Mailed check,19.95,38.15,4079
Male,Yes,No,No,27,Yes,Yes,Fiber optic,No,Yes,No,Yes,Yes,Yes,One year,Yes,Bank transfer (automatic),104.65,2964.0,3104
Female,No,Yes,No,64,No,No phone service,DSL,No,Yes,No,Yes,Yes,Yes,Two year,Yes,Electronic check,54.6,3423.5,4850
Female,No,Yes,No,18,No,No phone service,DSL,No,No,Yes,No,Yes,No,Month-to-month,Yes,Electronic check,39.05,669.85,2601
Male,No,Yes,No,67,Yes,Yes,DSL,Yes,No,Yes,No,Yes,Yes,Two year,Yes,Electronic check,79.7,5293.4,6289
Male,No,Yes,Yes,50,Yes,No,DSL,Yes,No,No,Yes,Yes,Yes,One year,No,Electronic check,75.5,4025.6,5141
Female,No,Yes,No,39,Yes,No,Fiber optic,Yes,No,Yes,Yes,Yes,Yes,One year,Yes,Credit card (automatic),104.7,4134.85,2371
Male,No,No,No,4,Yes,No,Fiber optic,No,No,No,No,Yes,Yes,Month-to-month,Yes,Electronic check,88.45,370.65,2456
Female,Yes,Yes,No,11,Yes,Yes,Fiber optic,No,No,Yes,Yes,Yes,Yes,Month-to-month,Yes,Bank transfer (automatic),104.05,1133.65,4553
Female,Yes,No,No,2,Yes,No,Fiber optic,No,No,No,No,Yes,No,Month-to-month,No,Mailed check,81.5,162.55,4267
Female,No,No,No,16,Yes,No,No,No internet service,No internet service,No internet service,No internet service,No internet service,No internet service,One year,Yes,Bank transfer (automatic),19.3,360.35,2870
Female,No,No,No,38,Yes,No,Fiber optic,No,Yes,Yes,Yes,No,No,Month-to-month,Yes,Credit card (automatic),84.25,3264.5,2885
Female,No,Yes,No,72,Yes,Yes,Fiber optic,Yes,Yes,No,No,No,Yes,Two year,Yes,Credit card (automatic),94.45,6921.7,5274
Female,No,No,No,19,No,No phone service,DSL,No,Yes,No,No,No,Yes,Month-to-month,Yes,Electronic check,39.7,710.05,4034
Male,No,No,No,1,Yes,No,No,No internet service,No internet service,No internet service,No internet service,No internet service,No internet service,Month-to-month,No,Mailed check,20.05,20.05,2798
Male,No,Yes,Yes,42,Yes,No,DSL,No,No,Yes,Yes,Yes,Yes,One year,No,Electronic check,73.15,3088.25,2531
Male,No,No,No,8,No,No phone service,DSL,Yes,No,No,Yes,No,Yes,Two year,Yes,Mailed check,44.55,343.45,5489
Female,No,Yes,Yes,56,Yes,No,No,No internet service,No internet service,No internet service,No internet service,No internet service,No internet service,Two year,Yes,Credit card (automatic),19.8,1119.9,4681
Male,No,Yes,No,62,Yes,No,DSL,Yes,No,Yes,Yes,No,Yes,One year,No,Credit card (automatic),71.4,4487.3,5327
Male,No,No,No,2,Yes,No,DSL,Yes,No,Yes,No,No,No,Month-to-month,No,Electronic check,53.45,119.5,3477
Male,No,Yes,No,35,Yes,Yes,Fiber optic,No,No,No,No,No,No,Month-to-month,Yes,Electronic check,75.2,2576.2,4639
Male,No,Yes,No,30,Yes,No,No,No internet service,No internet service,No internet service,No internet service,No internet service,No internet service,One year,No,Credit card (automatic),19.8,576.65,4006
Female,No,Yes,Yes,59,Yes,Yes,DSL,Yes,Yes,Yes,Yes,Yes,Yes,Two year,No,Credit card (automatic),90.3,5194.05,4617
Female,No,Yes,No,65,Yes,Yes,Fiber optic,No,Yes,Yes,Yes,Yes,Yes,One year,Yes,Credit card (automatic),108.05,7118.9,6047
Female,No,No,No,62,Yes,Yes,Fiber optic,No,No,Yes,No,Yes,Yes,One year,Yes,Electronic check,100.15,6413.65,5600
Male,No,No,No,40,Yes,No,DSL,Yes,Yes,No,Yes,No,No,Month-to-month,Yes,Mailed check,61.9,2647.1,2520
Male,No,No,No,24,Yes,Yes,Fiber optic,No,Yes,No,No,Yes,Yes,Month-to-month,Yes,Bank transfer (automatic),99.65,2404.85,5207
Female,No,Yes,No,15,Yes,No,Fiber optic,No,No,No,No,Yes,Yes,Month-to-month,No,Electronic check,88.15,1390.6,2524
Male,No,Yes,No,35,Yes,No,DSL,Yes,Yes,Yes,No,No,No,Month-to-month,No,Mailed check,61.0,2130.45,4355
Female,No,Yes,No,51,Yes,No,DSL,Yes,Yes,Yes,Yes,Yes,Yes,Two year,No,Credit card (automatic),85.5,4421.95,6261
Male,No,No,No,21,No,No phone service,DSL,No,Yes,No,Yes,No,No,Month-to-month,Yes,Mailed check,36.0,780.15,3378
Female,No,No,No,66,Yes,Yes,DSL,Yes,Yes,Yes,Yes,Yes,Yes,Two year,Yes,Credit card (automatic),90.05,5965.95,5813
Female,No,Yes,No,71,Yes,No,DSL,Yes,No,Yes,Yes,Yes,Yes,Two year,Yes,Credit card (automatic),82.0,5999.85,5770
Female,No,Yes,Yes,57,Yes,Yes,Fiber optic,No,Yes,No,No,Yes,Yes,Month-to-month,Yes,Electronic check,100.6,5611.7,6351
Male,Yes,No,No,2,Yes,No,DSL,Yes,No,No,No,No,No,Month-to-month,Yes,Electronic check,49.25,91.1,3475
Male,Yes,Yes,No,6,Yes,Yes,Fiber optic,No,No,Yes,No,No,No,Month-to-month,Yes,Electronic check,80.8,457.1,5611
Female,No,Yes,Yes,46,Yes,No,No,No internet service,No internet service,No internet service,No internet service,No internet service,No internet service,Two year,No,Mailed check,19.4,967.85,2320
Male,No,Yes,Yes,25,Yes,No,Fiber optic,No,Yes,No,No,No,No,Month-to-month,Yes,Electronic check,75.5,1901.05,5985
Male,No,No,No,2,Yes,No,No,No internet service,No internet service,No internet service,No internet service,No internet service,No internet service,Month-to-month,No,Mailed check,20.05,33.7,4978
Female,No,Yes,No,25,Yes,Yes,Fiber optic,No,No,Yes,No,No,Yes,Month-to-month,Yes,Electronic check,89.1,2368.4,4793
Female,No,No,No,37,No,No phone service,DSL,No,No,No,Yes,No,No,Month-to-month,No,Credit card (automatic),28.6,973.55,4429
Female,No,Yes,No,33,Yes,Yes,Fiber optic,No,Yes,Yes,No,Yes,Yes,Month-to-month,Yes,Electronic check,104.4,3409.6,3185
Male,No,No,No,16,Yes,No,No,No internet service,No internet service,No internet service,No internet service,No internet service,No internet service,Two year,No,Mailed check,19.75,284.35,4272
Male,No,No,No,9,Yes,No,Fiber optic,No,No,No,Yes,Yes,Yes,Month-to-month,Yes,Bank transfer (automatic),95.9,827.45,5017
Male,No,No,No,1,Yes,No,DSL,No,No,No,No,No,No,Month-to-month,No,Electronic check,45.3,45.3,4568
Female,No,No,Yes,4,Yes,No,No,No internet service,No internet service,No internet service,No internet service,No internet service,No internet service,Month-to-month,No,Credit card (automatic),20.4,94.5,4929
Male,No,Yes,No,35,Yes,Yes,Fiber optic,No,No,No,Yes,Yes,No,Month-to-month,Yes,Credit card (automatic),91.5,3236.35,3617
Female,No,No,No,37,Yes,No,No,No internet service,No internet service,No internet service,No internet service,No internet service,No internet service,One year,Yes,Electronic check,19.8,695.05,5987
Female,Yes,No,No,56,Yes,Yes,Fiber optic,Yes,Yes,Yes,No,Yes,Yes,One year,No,Electronic check,110.5,6139.5,4463
Male,No,No,No,27,Yes,No,No,No internet service,No internet service,No internet service,No internet service,No internet service,No internet service,Month-to-month,Yes,Credit card (automatic),19.4,460.25,5975
Male,No,Yes,No,38,Yes,No,No,No internet service,No internet service,No internet service,No internet service,No internet service,No internet service,Two year,No,Bank transfer (automatic),20.4,743.5,3756
Female,No,Yes,Yes,16,No,No phone service,DSL,No,No,No,No,No,Yes,Month-to-month,Yes,Credit card (automatic),35.5,552.7,2069
Female,No,Yes,No,65,Yes,Yes,Fiber optic,No,Yes,Yes,No,Yes,Yes,Month-to-month,Yes,Electronic check,105.5,6985.65,5720
Female,No,No,No,14,Yes,No,DSL,No,No,No,Yes,No,Yes,One year,No,Credit card (automatic),59.1,772.85,5718
Male,Yes,No,No,5,Yes,No,Fiber optic,No,No,No,No,Yes,Yes,Month-to-month,Yes,Electronic check,89.5,477.7,2718
Male,No,Yes,No,72,Yes,Yes,Fiber optic,No,Yes,Yes,No,Yes,Yes,Two year,Yes,Bank transfer (automatic),106.3,7565.35,4634
Female,No,No,No,4,Yes,Yes,DSL,No,No,No,No,No,No,Month-to-month,No,Electronic check,50.7,214.55,4288
Male,Yes,No,No,20,Yes,No,DSL,Yes,No,No,Yes,No,No,One year,No,Mailed check,54.0,1055.9,5090
Female,No,Yes,Yes,57,Yes,No,No,No internet service,No internet service,No internet service,No internet service,No internet service,No internet service,Two year,Yes,Bank transfer (automatic),20.1,1087.7,5506
Male,No,Yes,Yes,65,Yes,Yes,Fiber optic,Yes,Yes,Yes,Yes,No,No,Two year,No,Credit card (automatic),94.55,6078.75,4603
Female,No,No,No,4,Yes,Yes,Fiber optic,No,No,No,No,Yes,No,Month-to-month,Yes,Electronic check,85.65,321.65,3223
Female,No,No,No,32,Yes,No,No,No internet service,No internet service,No internet service,No internet service,No internet service,No internet service,One year,No,Bank transfer (automatic),19.75,624.15,4691
Male,No,Yes,Yes,45,Yes,No,No,No internet service,No internet service,No internet service,No internet service,No internet service,No internet service,Two year,No,Electronic check,19.2,903.7,3451
Male,No,No,No,22,Yes,Yes,Fiber optic,No,No,No,No,No,Yes,Month-to-month,No,Electronic check,83.05,1799.3,5357
Male,No,Yes,No,34,Yes,Yes,Fiber optic,No,Yes,No,No,No,Yes,Month-to-month,No,Mailed check,88.85,3000.25,4014
Male,No,No,No,47,Yes,No,DSL,Yes,Yes,Yes,Yes,Yes,Yes,One year,Yes,Bank transfer (automatic),86.95,4138.9,5631
Male,No,No,No,18,Yes,No,No,No internet service,No internet service,No internet service,No internet service,No internet service,No internet service,Two year,No,Credit card (automatic),20.05,388.6,2782
Female,No,No,No,1,Yes,No,Fiber optic,No,No,No,No,No,Yes,Month-to-month,Yes,Electronic check,79.6,79.6,3108
Male,Yes,No,No,6,Yes,No,DSL,No,No,No,No,No,No,Month-to-month,No,Credit card (automatic),44.7,276.5,4270
Female,No,No,No,36,No,No phone service,DSL,No,Yes,No,Yes,No,No,Month-to-month,Yes,Bank transfer (automatic),34.85,1267.2,4452
Male,No,Yes,No,35,Yes,Yes,DSL,No,No,No,Yes,Yes,Yes,One year,Yes,Bank transfer (automatic),73.45,2661.1,4719
Male,Yes,No,No,25,Yes,Yes,Fiber optic,No,Yes,No,No,Yes,No,Month-to-month,Yes,Electronic check,88.95,2291.2,3878
Male,No,No,No,5,Yes,No,DSL,No,Yes,No,No,No,No,Month-to-month,Yes,Electronic check,51.35,262.3,2893
Female,No,No,No,4,No,No phone service,DSL,Yes,No,Yes,Yes,No,Yes,Month-to-month,No,Mailed check,48.25,202.25,2682
Female,No,No,No,47,Yes,No,DSL,Yes,Yes,No,Yes,No,No,One year,Yes,Mailed check,58.9,2813.05,5774
Male,No,Yes,No,52,No,No phone service,DSL,Yes,No,No,No,No,Yes,Month-to-month,Yes,Electronic check,39.9,2020.9,6371
Female,No,Yes,Yes,4,Yes,No,No,No internet service,No internet service,No internet service,No internet service,No internet service,No internet service,Month-to-month,No,Mailed check,20.85,62.9,3172
Female,Yes,Yes,Yes,68,No,No phone service,DSL,No,Yes,Yes,No,Yes,Yes,Two year,Yes,Electronic check,53.0,3656.25,5583
Male,Yes,No,No,21,Yes,No,No,No internet service,No internet service,No internet service,No internet service,No internet service,No internet service,One year,No,Bank transfer (automatic),20.5,429.55,5766
Female,No,Yes,Yes,64,Yes,Yes,Fiber optic,Yes,No,No,Yes,Yes,Yes,One year,Yes,Bank transfer (automatic),104.4,6721.6,5133
Female,No,No,No,1,Yes,No,Fiber optic,No,No,No,No,Yes,No,Month-to-month,Yes,Electronic check,80.25,80.25,2502
Male,Yes,No,No,2,Yes,No,DSL,Yes,No,Yes,No,Yes,No,Month-to-month,No,Bank transfer (automatic),66.4,94.55,4522
Female,No,Yes,Yes,55,Yes,Yes,Fiber optic,Yes,Yes,No,No,No,No,Month-to-month,Yes,Electronic check,85.1,4600.95,4026
Male,No,Yes,Yes,72,Yes,Yes,Fiber optic,Yes,No,Yes,No,Yes,Yes,Two year,No,Bank transfer (automatic),105.25,7609.75,4427
Female,No,No,No,1,No,No phone service,DSL,No,No,No,No,No,No,Month-to-month,No,Mailed check,24.4,24.4,5092
Female,No,No,No,12,Yes,Yes,Fiber optic,No,No,Yes,No,Yes,Yes,Month-to-month,Yes,Bank transfer (automatic),100.15,1164.3,3682
Female,No,Yes,No,59,Yes,Yes,Fiber optic,No,Yes,No,No,Yes,Yes,Month-to-month,No,Electronic check,101.1,6039.9,4160
Male,No,Yes,No,63,Yes,Yes,Fiber optic,No,Yes,Yes,No,Yes,Yes,Month-to-month,Yes,Electronic check,103.4,6603.0,4352
Male,No,Yes,Yes,10,Yes,Yes,No,No internet service,No internet service,No internet service,No internet service,No internet service,No internet service,Month-to-month,Yes,Mailed check,24.4,253.9,4458
Female,No,Yes,Yes,24,Yes,Yes,No,No internet service,No internet service,No internet service,No internet service,No internet service,No internet service,Two year,No,Mailed check,24.7,571.75,5302
Male,No,Yes,Yes,65,Yes,Yes,Fiber optic,No,No,Yes,Yes,Yes,Yes,Two year,Yes,Bank transfer (automatic),104.1,6700.05,4024
Female,No,No,No,20,Yes,Yes,DSL,No,Yes,No,Yes,No,Yes,Month-to-month,Yes,Credit card (automatic),68.9,1370.35,3265
Female,No,Yes,No,48,Yes,Yes,DSL,Yes,No,No,Yes,No,No,One year,Yes,Bank transfer (automatic),60.6,2985.25,4077
Male,No,No,No,62,Yes,No,DSL,No,Yes,Yes,Yes,Yes,Yes,Month-to-month,Yes,Bank transfer (automatic),80.4,4981.15,5157
Female,Yes,No,No,6,Yes,No,No,No internet service,No internet service,No internet service,No internet service,No internet service,No internet service,Month-to-month,No,Bank transfer (automatic),19.5,106.8,3288
Male,Yes,No,No,24,Yes,Yes,DSL,No,Yes,No,No,No,No,Month-to-month,No,Credit card (automatic),54.8,1291.3,4330
Female,No,Yes,No,34,Yes,Yes,DSL,Yes,No,No,Yes,No,No,Month-to-month,Yes,Bank transfer (automatic),60.85,2003.6,3012
Male,No,No,No,46,No,No phone service,DSL,No,No,Yes,Yes,No,No,One year,No,Credit card (automatic),33.7,1537.85,3007
Male,No,No,No,26,Yes,No,DSL,No,No,No,No,No,No,Month-to-month,No,Electronic check,45.45,1233.15,5451
Female,No,Yes,Yes,19,No,No phone service,DSL,No,No,No,No,No,No,Month-to-month,Yes,Mailed check,24.85,434.8,2958
Male,No,No,No,24,Yes,Yes,DSL,No,No,No,Yes,No,No,One year,No,Bank transfer (automatic),54.6,1242.25,3398
Female,Yes,No,No,57,Yes,Yes,Fiber optic,Yes,No,Yes,Yes,No,Yes,Two year,No,Credit card (automatic),101.3,5779.6,4421
Female,No,No,No,68,Yes,No,No,No internet service,No internet service,No internet service,No internet service,No internet service,No internet service,Two year,No,Credit card (automatic),19.6,1441.65,6161
Male,No,Yes,No,12,Yes,No,DSL,No,No,Yes,Yes,Yes,Yes,Month-to-month,Yes,Electronic check,74.15,741.4,5426
Female,No,No,Yes,12,Yes,Yes,Fiber optic,No,No,No,No,No,No,Month-to-month,Yes,Electronic check,76.6,893.0,3280
Female,No,Yes,Yes,40,No,No phone service,DSL,No,Yes,No,No,Yes,Yes,Month-to-month,Yes,Electronic check,50.85,2036.55,2819
Male,Yes,Yes,No,23,Yes,Yes,Fiber optic,No,No,No,No,No,Yes,Month-to-month,No,Electronic check,86.8,1975.85,5788
Female,No,No,No,4,Yes,No,Fiber optic,No,No,No,No,No,No,Month-to-month,No,Electronic check,70.4,281.0,4494
Female,No,Yes,Yes,67,Yes,No,DSL,No,Yes,No,No,No,No,One year,No,Credit card (automatic),50.55,3431.75,5122
Female,No,Yes,No,35,Yes,No,DSL,Yes,No,No,No,Yes,No,One year,Yes,Bank transfer (automatic),62.15,2215.45,5255
Male,Yes,Yes,No,10,Yes,Yes,Fiber optic,No,No,No,No,No,Yes,Month-to-month,Yes,Electronic check,86.65,856.65,4990
Male,No,Yes,Yes,6,Yes,No,No,No internet service,No internet service,No internet service,No internet service,No internet service,No internet service,Two year,Yes,Credit card (automatic),20.4,107.6,4628
Male,No,Yes,No,10,Yes,Yes,Fiber optic,No,No,No,No,No,Yes,Month-to-month,Yes,Electronic check,85.25,855.3,3573
Male,No,No,No,17,Yes,Yes,Fiber optic,No,No,Yes,Yes,No,Yes,Month-to-month,Yes,Bank transfer (automatic),95.65,1640.0,3139
Male,No,No,No,65,Yes,Yes,Fiber optic,Yes,No,No,Yes,No,Yes,One year,No,Electronic check,93.55,6069.25,5774
Female,Yes,No,No,2,Yes,Yes,Fiber optic,No,Yes,No,No,No,Yes,Month-to-month,No,Electronic check,89.5,161.5,2065
Male,Yes,No,No,49,Yes,Yes,Fiber optic,No,No,No,No,Yes,Yes,Month-to-month,Yes,Electronic check,96.2,4718.25,5904
Female,No,No,No,51,Yes,Yes,Fiber optic,Yes,Yes,Yes,No,Yes,Yes,One year,No,Bank transfer (automatic),107.45,5680.9,5446
Male,No,Yes,Yes,72,Yes,Yes,Fiber optic,No,Yes,Yes,Yes,Yes,Yes,Two year,Yes,Bank transfer (automatic),112.25,8041.65,4099
Male,No,No,No,44,Yes,No,Fiber optic,No,No,No,No,No,No,Month-to-month,No,Credit card (automatic),68.85,2958.95,2053
Female,No,No,No,42,Yes,No,DSL,No,No,Yes,Yes,No,Yes,Two year,No,Credit card (automatic),66.5,2762.75,4668
Female,No,No,No,2,No,No phone service,DSL,No,No,No,No,No,No,Month-to-month,No,Electronic check,24.5,46.4,5786
Female,No,Yes,No,28,Yes,No,Fiber optic,Yes,No,No,No,Yes,Yes,Month-to-month,Yes,Mailed check,92.35,2602.9,2990
Female,No,Yes,Yes,34,No,No phone service,DSL,Yes,No,Yes,Yes,Yes,Yes,One year,No,Mailed check,61.25,1993.2,3607
Male,No,Yes,No,31,Yes,Yes,DSL,No,No,Yes,Yes,Yes,Yes,One year,Yes,Mailed check,79.3,2484.0,5238
Female,No,No,No,1,Yes,No,No,No internet service,No internet service,No internet service,No internet service,No internet service,No internet service,Month-to-month,No,Mailed check,19.5,19.5,3107
Female,No,Yes,No,22,Yes,No,Fiber optic,No,No,No,No,No,No,Month-to-month,Yes,Electronic check,69.25,1554.0,2159
Male,No,No,No,2,Yes,Yes,Fiber optic,No,No,No,No,No,No,Month-to-month,Yes,Electronic check,76.5,162.45,5944
Male,No,Yes,No,72,Yes,Yes,Fiber optic,No,Yes,Yes,Yes,Yes,Yes,Two year,Yes,Credit card (automatic),110.6,7962.2,5444
Male,No,Yes,Yes,8,Yes,No,DSL,No,No,Yes,No,No,No,Month-to-month,Yes,Electronic check,51.05,415.05,3758
Female,No,Yes,No,72,No,No phone service,DSL,Yes,Yes,Yes,Yes,Yes,Yes,Two year,No,Bank transfer (automatic),64.45,4528.0,5265
Male,No,No,Yes,17,Yes,No,DSL,Yes,No,No,No,No,No,Month-to-month,Yes,Mailed check,50.3,846.8,3202
Female,No,Yes,No,72,Yes,Yes,Fiber optic,Yes,Yes,Yes,Yes,No,No,Two year,Yes,Bank transfer (automatic),97.0,7104.2,6302
Female,No,No,No,66,No,No phone service,DSL,Yes,Yes,Yes,Yes,No,No,Two year,Yes,Mailed check,47.4,3177.25,6435
Male,No,No,No,35,Yes,Yes,Fiber optic,No,No,No,No,No,No,Month-to-month,No,Credit card (automatic),75.35,2636.05,2785
Male,No,No,No,4,Yes,No,DSL,Yes,No,Yes,No,No,No,Month-to-month,No,Electronic check,56.75,245.15,2401
Female,No,Yes,Yes,72,Yes,No,No,No internet service,No internet service,No internet service,No internet service,No internet service,No internet service,Two year,No,Credit card (automatic),19.7,1379.8,5451
Female,No,No,No,65,Yes,No,DSL,Yes,Yes,Yes,Yes,Yes,Yes,Two year,Yes,Bank transfer (automatic),84.85,5459.2,5434
Female,No,Yes,Yes,69,Yes,No,No,No internet service,No internet service,No internet service,No internet service,No internet service,No internet service,Two year,No,Bank transfer (automatic),20.2,1412.65,5267
Female,No,Yes,No,65,Yes,No,DSL,Yes,Yes,Yes,No,No,Yes,Two year,No,Bank transfer (automatic),71.0,4386.2,6308
Female,No,Yes,No,38,Yes,No,DSL,Yes,Yes,No,Yes,Yes,Yes,One year,No,Credit card (automatic),80.3,3058.65,2071
Male,No,Yes,No,24,Yes,Yes,Fiber optic,No,No,No,No,Yes,Yes,Month-to-month,Yes,Electronic check,93.0,2248.05,5886
Male,No,No,No,5,Yes,Yes,Fiber optic,No,Yes,Yes,No,Yes,Yes,Month-to-month,No,Electronic check,105.3,550.6,4024
Male,No,Yes,Yes,24,Yes,Yes,DSL,Yes,No,No,No,No,No,Month-to-month,No,Electronic check,54.75,1338.15,5699
Female,No,No,No,1,No,No phone service,DSL,No,No,No,No,No,No,Month-to-month,No,Electronic check,25.25,25.25,5858
Male,No,No,No,61,Yes,Yes,Fiber optic,Yes,Yes,Yes,No,Yes,Yes,One year,Yes,Electronic check,107.75,6521.9,5364
Male,No,Yes,No,70,Yes,Yes,DSL,No,Yes,Yes,Yes,Yes,Yes,Two year,Yes,Credit card (automatic),85.95,5931.75,6354
Female,No,No,No,1,No,No phone service,DSL,No,No,No,No,No,No,Month-to-month,Yes,Mailed check,25.1,25.1,4769
Male,Yes,No,Yes,7,Yes,No,DSL,No,No,No,No,No,No,Month-to-month,Yes,Mailed check,45.75,344.2,3779
Male,No,Yes,Yes,1,Yes,No,No,No internet service,No internet service,No internet service,No internet service,No internet service,No internet service,Month-to-month,No,Bank transfer (automatic),19.95,19.95,4860
Female,No,Yes,Yes,45,Yes,Yes,DSL,Yes,Yes,Yes,Yes,Yes,No,Month-to-month,No,Mailed check,81.3,3541.1,3111
Female,No,No,No,10,Yes,No,DSL,No,No,No,Yes,No,Yes,Month-to-month,Yes,Mailed check,60.95,629.55,4323
Male,No,Yes,No,29,Yes,No,Fiber optic,No,No,No,No,No,No,Month-to-month,Yes,Electronic check,70.75,1974.8,2663
Female,No,No,No,58,Yes,No,DSL,Yes,Yes,Yes,Yes,No,No,Two year,Yes,Credit card (automatic),64.9,3795.45,5040
Female,Yes,Yes,No,67,Yes,No,No,No internet service,No internet service,No internet service,No internet service,No internet service,No internet service,Two year,Yes,Bank transfer (automatic),20.05,1263.05,4934
Female,No,No,Yes,14,Yes,Yes,Fiber optic,Yes,No,No,Yes,No,No,Month-to-month,Yes,Mailed check,86.0,1164.05,5494
Female,No,Yes,No,45,Yes,Yes,No,No internet service,No internet service,No internet service,No internet service,No internet service,No internet service,Two year,No,Mailed check,25.5,1121.05,3146
Male,Yes,Yes,No,67,Yes,No,DSL,Yes,Yes,No,Yes,No,No,One year,Yes,Bank transfer (automatic),60.95,4119.4,5792
Female,Yes,Yes,No,31,Yes,No,Fiber optic,No,No,Yes,Yes,Yes,Yes,Month-to-month,Yes,Electronic check,98.9,2911.3,4050
Male,Yes,No,No,2,Yes,Yes,Fiber optic,No,No,No,No,Yes,Yes,Month-to-month,Yes,Electronic check,94.0,181.7,5569
Female,No,Yes,No,37,Yes,No,No,No internet service,No internet service,No internet service,No internet service,No internet service,No internet service,One year,Yes,Bank transfer (automatic),19.85,717.5,5707
Male,No,No,No,65,Yes,Yes,DSL,No,Yes,Yes,Yes,No,Yes,Two year,Yes,Credit card (automatic),74.2,4805.65,4774
Female,No,No,No,2,Yes,Yes,Fiber optic,No,No,No,No,Yes,Yes,Month-to-month,Yes,Electronic check,95.15,196.9,2414
Female,No,No,Yes,3,No,No phone service,DSL,No,Yes,No,No,No,No,Month-to-month,No,Mailed check,29.65,90.05,5880
Male,No,Yes,Yes,72,Yes,Yes,DSL,Yes,Yes,Yes,Yes,Yes,No,Two year,Yes,Bank transfer (automatic),80.85,5727.45,6067
Male,No,Yes,No,36,Yes,No,No,No internet service,No internet service,No internet service,No internet service,No internet service,No internet service,One year,No,Bank transfer (automatic),20.85,720.05,5744
Female,No,Yes,No,72,Yes,Yes,DSL,Yes,Yes,No,Yes,Yes,Yes,Two year,Yes,Bank transfer (automatic),86.4,6058.95,6114
Male,No,No,No,19,No,No phone service,DSL,No,No,Yes,No,Yes,No,Month-to-month,Yes,Electronic check,39.65,733.35,2933
Male,Yes,No,No,25,Yes,Yes,Fiber optic,No,Yes,Yes,No,Yes,Yes,Month-to-month,No,Mailed check,105.95,2655.25,4283
Female,No,No,No,6,Yes,No,No,No internet service,No internet service,No internet service,No internet service,No internet service,No internet service,Month-to-month,No,Mailed check,20.7,112.75,5346
Male,No,No,No,1,Yes,No,No,No internet service,No internet service,No internet service,No internet service,No internet service,No internet service,Month-to-month,No,Mailed check,19.65,19.65,5717
Female,No,Yes,No,59,Yes,Yes,DSL,No,No,Yes,Yes,Yes,No,Two year,Yes,Bank transfer (automatic),72.1,4194.85,6225
Female,Yes,No,No,3,Yes,Yes,Fiber optic,No,Yes,No,No,No,No,Month-to-month,Yes,Electronic check,79.4,205.05,3501
Female,No,No,No,10,Yes,Yes,Fiber optic,No,No,No,No,No,No,Month-to-month,Yes,Mailed check,75.75,777.3,4525
Male,Yes,No,No,13,Yes,No,Fiber optic,No,No,No,No,Yes,Yes,Month-to-month,Yes,Electronic check,90.5,1201.15,5394
Male,No,No,No,22,Yes,Yes,DSL,Yes,Yes,No,No,No,No,Month-to-month,No,Electronic check,59.0,1254.7,2195
Male,No,Yes,No,72,Yes,Yes,Fiber optic,Yes,Yes,No,Yes,Yes,Yes,Two year,Yes,Credit card (automatic),108.95,7875.0,5758
Female,No,No,No,66,No,No phone service,DSL,Yes,Yes,Yes,Yes,Yes,Yes,Two year,Yes,Bank transfer (automatic),62.5,4136.4,4165
Male,No,Yes,No,5,Yes,No,Fiber optic,No,No,Yes,No,Yes,Yes,Month-to-month,Yes,Electronic check,94.45,498.1,4580
Male,No,Yes,Yes,72,Yes,Yes,Fiber optic,Yes,Yes,Yes,Yes,Yes,Yes,Two year,Yes,Credit card (automatic),114.05,8289.2,6254
Male,No,Yes,No,7,Yes,No,DSL,No,No,Yes,No,No,No,Month-to-month,No,Electronic check,48.7,340.25,2984
Male,Yes,Yes,No,67,Yes,Yes,Fiber optic,No,Yes,No,Yes,Yes,Yes,Two year,No,Bank transfer (automatic),102.9,6989.7,5869
Female,No,No,No,1,Yes,No,Fiber optic,No,No,No,No,No,No,Month-to-month,No,Bank transfer (automatic),69.7,69.7,4620
Female,No,No,No,44,No,No phone service,DSL,No,No,Yes,No,Yes,Yes,One year,Yes,Electronic check,49.05,2265.0,3910
Male,No,Yes,No,72,Yes,No,No,No internet service,No internet service,No internet service,No internet service,No internet service,No internet service,Two year,No,Credit card (automatic),19.7,1421.9,6436
Female,Yes,Yes,Yes,57,Yes,No,Fiber optic,No,Yes,Yes,Yes,Yes,No,Month-to-month,Yes,Credit card (automatic),95.3,5567.45,4912
Female,No,Yes,Yes,5,Yes,No,DSL,No,No,No,No,No,No,Month-to-month,No,Mailed check,44.8,220.45,2492
Female,No,Yes,No,4,Yes,No,No,No internet service,No internet service,No internet service,No internet service,No internet service,No internet service,Month-to-month,No,Electronic check,20.15,91.4,2198
Female,No,No,No,65,Yes,Yes,Fiber optic,No,Yes,No,Yes,Yes,Yes,One year,Yes,Bank transfer (automatic),105.05,6744.25,5742
Male,Yes,No,No,19,Yes,No,Fiber optic,No,No,Yes,No,Yes,Yes,Month-to-month,Yes,Credit card (automatic),95.9,1777.9,2851
Male,No,Yes,Yes,7,Yes,No,DSL,No,No,No,No,No,No,Month-to-month,No,Electronic check,44.75,333.65,4699
Male,No,No,No,48,Yes,No,No,No internet service,No internet service,No internet service,No internet service,No internet service,No internet service,Two year,No,Credit card (automatic),19.85,916.0,3779
Female,No,Yes,No,19,Yes,No,Fiber optic,Yes,No,No,No,No,No,Month-to-month,Yes,Electronic check,73.2,1441.1,4718
Male,Yes,No,No,1,Yes,No,DSL,No,No,Yes,No,No,No,Month-to-month,Yes,Mailed check,50.15,50.15,3438
Male,No,Yes,Yes,19,Yes,Yes,DSL,No,No,No,No,No,No,Month-to-month,No,Credit card (automatic),50.1,910.45,5749
Male,No,No,No,51,Yes,No,Fiber optic,No,Yes,Yes,No,Yes,Yes,Month-to-month,Yes,Electronic check,99.0,5038.15,5787
Female,No,No,No,12,Yes,Yes,Fiber optic,No,Yes,No,No,Yes,No,Month-to-month,Yes,Bank transfer (automatic),89.75,1052.4,5671
Male,No,No,No,41,Yes,No,No,No internet service,No internet service,No internet service,No internet service,No internet service,No internet service,Two year,No,Mailed check,20.15,802.35,4982
Female,No,Yes,No,53,Yes,No,Fiber optic,No,No,No,Yes,Yes,Yes,One year,Yes,Electronic check,93.45,4872.2,4700
Female,No,No,No,1,Yes,No,DSL,No,No,No,No,No,No,Month-to-month,Yes,Bank transfer (automatic),44.9,44.9,2632
Male,Yes,Yes,No,14,Yes,Yes,Fiber optic,No,No,No,No,No,No,Month-to-month,Yes,Electronic check,75.1,1013.35,3771
Male,Yes,Yes,No,70,Yes,Yes,DSL,Yes,Yes,Yes,Yes,Yes,Yes,Two year,Yes,Credit card (automatic),88.55,6306.5,4097
Male,No,No,No,31,Yes,Yes,DSL,No,Yes,No,Yes,Yes,Yes,One year,Yes,Mailed check,79.45,2587.7,2872
Male,No,No,No,68,Yes,Yes,Fiber optic,Yes,Yes,Yes,Yes,Yes,Yes,One year,Yes,Credit card (automatic),117.2,8035.95,4629
Male,No,Yes,No,49,Yes,Yes,Fiber optic,No,No,No,No,Yes,No,Month-to-month,No,Electronic check,84.5,4254.85,4639
Female,No,Yes,No,46,Yes,No,No,No internet service,No internet service,No internet service,No internet service,No internet service,No internet service,Two year,Yes,Mailed check,19.95,927.1,5480
Female,No,Yes,No,21,Yes,No,Fiber optic,No,No,Yes,Yes,No,No,One year,No,Electronic check,79.2,1742.45,4900
Female,Yes,Yes,No,72,Yes,Yes,DSL,Yes,Yes,Yes,Yes,No,Yes,Two year,No,Bank transfer (automatic),78.45,5682.25,4032
Male,Yes,No,No,45,Yes,Yes,Fiber optic,No,No,No,No,Yes,Yes,Month-to-month,Yes,Bank transfer (automatic),93.9,4200.25,3960
Male,Yes,Yes,No,68,Yes,Yes,Fiber optic,No,Yes,Yes,No,Yes,Yes,Month-to-month,Yes,Electronic check,105.3,7299.65,6284
Female,No,Yes,No,70,Yes,Yes,DSL,Yes,No,Yes,Yes,No,No,Two year,No,Credit card (automatic),65.3,4759.75,5591
Male,No,No,No,23,Yes,No,Fiber optic,Yes,No,Yes,No,Yes,Yes,One year,Yes,Credit card (automatic),99.95,2292.75,3515
Female,No,No,No,4,Yes,Yes,Fiber optic,No,No,Yes,Yes,No,No,Month-to-month,Yes,Mailed check,87.1,341.45,5587
Female,Yes,No,No,1,Yes,No,Fiber optic,No,No,No,No,No,No,Month-to-month,Yes,Electronic check,70.2,70.2,2422
Female,No,Yes,Yes,37,Yes,Yes,Fiber optic,No,No,No,No,Yes,Yes,Month-to-month,Yes,Electronic check,95.25,3314.15,2969
Female,No,No,No,37,Yes,Yes,Fiber optic,No,Yes,Yes,No,Yes,Yes,Month-to-month,Yes,Bank transfer (automatic),101.9,3545.35,4437
Male,No,No,No,72,Yes,Yes,DSL,Yes,Yes,Yes,Yes,Yes,Yes,Two year,No,Credit card (automatic),88.55,6362.35,6468
Male,No,No,No,44,No,No phone service,DSL,Yes,No,Yes,No,Yes,Yes,One year,Yes,Electronic check,54.0,2440.25,4256
Male,No,No,No,30,Yes,No,DSL,No,Yes,Yes,No,Yes,No,One year,No,Credit card (automatic),64.5,1929.95,4320
Male,No,Yes,Yes,54,Yes,Yes,Fiber optic,No,Yes,No,Yes,Yes,Yes,One year,Yes,Electronic check,105.2,5637.85,5546
Male,No,No,No,4,Yes,No,Fiber optic,No,No,No,No,No,No,Month-to-month,Yes,Electronic check,70.2,237.95,5094
Male,No,Yes,Yes,5,Yes,Yes,Fiber optic,No,Yes,No,No,No,No,Month-to-month,Yes,Electronic check,80.15,385.0,5124
Male,No,No,No,35,Yes,No,No,No internet service,No internet service,No internet service,No internet service,No internet service,No internet service,Two year,Yes,Mailed check,20.2,684.4,3481
Male,No,Yes,No,52,Yes,Yes,DSL,No,Yes,No,Yes,No,No,Month-to-month,No,Bank transfer (automatic),61.35,3169.55,4729
Female,No,No,No,72,Yes,No,Fiber optic,Yes,Yes,Yes,Yes,Yes,Yes,Two year,Yes,Electronic check,109.9,7624.2,5234
Female,No,Yes,No,50,Yes,Yes,Fiber optic,Yes,Yes,No,Yes,Yes,Yes,Month-to-month,Yes,Bank transfer (automatic),109.65,5405.8,4676
Female,No,No,No,16,Yes,No,No,No internet service,No internet service,No internet service,No internet service,No internet service,No internet service,One year,No,Credit card (automatic),19.35,295.55,2017
Male,Yes,No,No,35,Yes,Yes,Fiber optic,No,No,No,No,Yes,Yes,Month-to-month,Yes,Electronic check,95.45,3474.05,2080
Male,No,No,No,71,Yes,Yes,Fiber optic,No,No,Yes,Yes,No,No,Two year,Yes,Credit card (automatic),86.4,6172.0,4069
Male,No,Yes,No,59,Yes,Yes,Fiber optic,Yes,Yes,Yes,No,Yes,Yes,One year,Yes,Electronic check,110.15,6448.05,4601
Female,Yes,Yes,No,70,Yes,Yes,Fiber optic,No,Yes,No,Yes,Yes,Yes,Two year,Yes,Bank transfer (automatic),104.45,7349.35,5004
Male,No,No,No,1,Yes,No,Fiber optic,No,No,No,Yes,No,No,Month-to-month,Yes,Mailed check,74.3,74.3,3063
Female,Yes,Yes,No,55,Yes,Yes,DSL,No,No,No,No,No,No,Month-to-month,No,Bank transfer (automatic),51.65,2838.55,4763
Female,No,Yes,No,70,Yes,Yes,Fiber optic,Yes,Yes,Yes,Yes,Yes,Yes,Two year,Yes,Bank transfer (automatic),114.2,7723.9,5947
Male,No,No,No,7,Yes,No,Fiber optic,No,No,No,No,No,No,Month-to-month,No,Bank transfer (automatic),69.15,488.65,4320
Female,Yes,Yes,No,50,Yes,Yes,Fiber optic,No,No,No,Yes,Yes,Yes,One year,Yes,Electronic check,100.65,5189.75,5791
Female,No,Yes,No,64,Yes,No,No,No internet service,No internet service,No internet service,No internet service,No internet service,No internet service,Two year,No,Mailed check,20.2,1277.75,4557
Male,Yes,No,No,8,Yes,No,Fiber optic,No,No,No,No,No,No,Month-to-month,Yes,Credit card (automatic),69.95,562.7,2939
Male,Yes,Yes,No,61,Yes,Yes,Fiber optic,No,Yes,No,No,No,No,Month-to-month,Yes,Electronic check,82.15,4904.85,4250
Female,No,No,No,1,Yes,No,Fiber optic,No,No,No,No,No,No,Month-to-month,Yes,Electronic check,69.65,69.65,2418
Female,No,No,Yes,23,Yes,No,DSL,No,No,No,Yes,No,No,One year,Yes,Electronic check,49.45,1119.35,5237
Female,No,Yes,No,11,Yes,Yes,DSL,No,No,No,Yes,No,Yes,Month-to-month,Yes,Electronic check,66.35,740.8,2860
Male,Yes,Yes,Yes,24,Yes,Yes,Fiber optic,Yes,No,No,No,No,No,Month-to-month,Yes,Electronic check,79.85,1857.75,3412
Male,No,Yes,No,33,Yes,No,No,No internet service,No internet service,No internet service,No internet service,No internet service,No internet service,One year,No,Mailed check,20.6,690.25,5212
Female,Yes,Yes,No,53,Yes,Yes,No,No internet service,No internet service,No internet service,No internet service,No internet service,No internet service,Two year,No,Credit card (automatic),25.1,1275.6,5295
Male,No,Yes,Yes,23,Yes,No,No,No internet service,No internet service,No internet service,No internet service,No internet service,No internet service,Two year,No,Mailed check,20.9,454.0,4076
Female,No,No,No,14,Yes,No,Fiber optic,No,Yes,No,No,No,Yes,Month-to-month,Yes,Electronic check,86.3,1180.95,3677
Male,No,Yes,No,70,Yes,No,Fiber optic,Yes,Yes,No,Yes,No,No,Two year,No,Bank transfer (automatic),84.6,5706.2,5679
Female,No,Yes,No,22,Yes,Yes,DSL,Yes,No,No,Yes,Yes,Yes,Month-to-month,Yes,Electronic check,79.2,1742.75,3410
Male,No,No,No,15,Yes,No,No,No internet service,No internet service,No internet service,No internet service,No internet service,No internet service,Month-to-month,No,Mailed check,19.75,311.6,4123
Female,No,Yes,No,65,Yes,Yes,Fiber optic,No,Yes,Yes,Yes,Yes,Yes,Two year,Yes,Bank transfer (automatic),107.65,7082.85,4193
Male,No,Yes,No,72,Yes,Yes,DSL,No,Yes,Yes,Yes,Yes,Yes,Two year,Yes,Credit card (automatic),85.45,6227.5,5641
Female,No,Yes,No,63,Yes,Yes,Fiber optic,No,Yes,Yes,No,Yes,Yes,One year,Yes,Electronic check,107.5,6873.75,6144
Female,Yes,No,No,5,Yes,No,Fiber optic,No,No,No,No,No,No,Month-to-month,Yes,Mailed check,69.05,318.5,3368
Female,No,No,No,35,Yes,Yes,Fiber optic,Yes,Yes,Yes,Yes,Yes,Yes,Two year,Yes,Mailed check,113.2,3914.05,5723
Male,No,Yes,No,11,Yes,Yes,Fiber optic,No,No,No,No,No,No,Month-to-month,Yes,Electronic check,74.95,825.7,2044
Female,Yes,No,No,5,No,No phone service,DSL,No,No,No,No,Yes,Yes,Month-to-month,No,Electronic check,45.7,198.0,3561
Female,No,No,No,31,Yes,No,DSL,No,Yes,Yes,Yes,Yes,Yes,Two year,No,Mailed check,79.2,2497.2,4984
Male,No,No,No,1,Yes,No,DSL,No,No,No,Yes,No,No,Month-to-month,No,Mailed check,51.25,51.25,2180
Female,No,Yes,Yes,32,Yes,No,DSL,Yes,Yes,Yes,Yes,No,Yes,Two year,No,Mailed check,73.6,2316.85,4343
Male,No,No,No,11,Yes,No,DSL,No,Yes,No,No,Yes,No,One year,Yes,Electronic check,61.25,729.95,2738
Female,Yes,No,No,49,Yes,Yes,Fiber optic,No,No,Yes,No,No,Yes,Month-to-month,Yes,Credit card (automatic),90.85,4515.85,5651
Male,No,Yes,No,67,Yes,Yes,Fiber optic,No,Yes,No,No,Yes,No,One year,Yes,Bank transfer (automatic),88.4,5798.3,6251
Female,No,Yes,No,70,Yes,Yes,Fiber optic,Yes,Yes,Yes,Yes,No,No,Two year,No,Bank transfer (automatic),93.9,6579.05,6173
Female,No,No,No,1,Yes,No,No,No internet service,No internet service,No internet service,No internet service,No internet service,No internet service,Month-to-month,Yes,Mailed check,19.6,19.6,4205
Male,Yes,Yes,No,9,Yes,No,No,No internet service,No internet service,No internet service,No internet service,No internet service,No internet service,Month-to-month,Yes,Mailed check,21.25,204.55,2302
Male,No,No,No,21,Yes,No,No,No internet service,No internet service,No internet service,No internet service,No internet service,No internet service,Month-to-month,No,Credit card (automatic),20.5,402.85,5654
Female,No,No,Yes,28,Yes,No,No,No internet service,No internet service,No internet service,No internet service,No internet service,No internet service,Month-to-month,No,Mailed check,20.25,535.35,4476
Male,No,Yes,Yes,67,Yes,Yes,Fiber optic,No,Yes,Yes,No,Yes,Yes,One year,Yes,Electronic check,105.4,6989.45,5666
Male,No,No,No,15,Yes,Yes,Fiber optic,Yes,No,No,No,Yes,No,Month-to-month,Yes,Bank transfer (automatic),87.75,1242.2,5415
Female,No,Yes,No,5,Yes,No,Fiber optic,No,Yes,No,No,No,Yes,Month-to-month,Yes,Electronic check,83.6,404.2,4565
Female,No,No,No,25,Yes,Yes,DSL,Yes,Yes,Yes,Yes,Yes,No,Month-to-month,Yes,Bank transfer (automatic),78.35,1837.9,4855
Female,No,No,No,4,Yes,No,No,No internet service,No internet service,No internet service,No internet service,No internet service,No internet service,Month-to-month,No,Credit card (automatic),20.45,82.85,4344
Female,No,No,No,7,Yes,No,DSL,No,No,No,Yes,Yes,Yes,Month-to-month,Yes,Credit card (automatic),70.75,450.8,2248
Female,No,No,No,1,Yes,No,DSL,No,No,No,No,No,No,Month-to-month,No,Electronic check,45.8,45.8,5973
Female,No,Yes,Yes,58,Yes,No,No,No internet service,No internet service,No internet service,No internet service,No internet service,No internet service,Two year,Yes,Mailed check,19.85,1158.85,6440
Female,No,No,No,18,Yes,No,Fiber optic,No,No,No,No,No,No,Month-to-month,Yes,Electronic check,69.8,1221.65,2421
Female,Yes,Yes,No,60,Yes,Yes,Fiber optic,No,Yes,No,No,No,Yes,Month-to-month,No,Electronic check,89.45,5294.6,4340
Female,No,Yes,No,14,Yes,No,No,No internet service,No internet service,No internet service,No internet service,No internet service,No internet service,Two year,No,Mailed check,20.4,292.4,4556
Female,No,No,No,42,Yes,No,DSL,No,Yes,No,No,No,No,Month-to-month,Yes,Electronic check,49.55,2077.95,3637
Male,No,No,No,1,No,No phone service,DSL,No,No,No,No,No,Yes,Month-to-month,No,Electronic check,35.9,35.9,4747
Female,No,Yes,Yes,64,No,No phone service,DSL,No,Yes,Yes,Yes,No,Yes,Two year,No,Electronic check,49.85,3210.35,5644
Female,No,No,No,53,Yes,Yes,Fiber optic,No,Yes,Yes,No,Yes,Yes,Two year,No,Electronic check,105.55,5682.25,5731
Female,Yes,No,No,1,Yes,No,Fiber optic,No,No,No,No,No,No,Month-to-month,Yes,Electronic check,69.6,69.6,2151
Female,No,Yes,Yes,45,Yes,Yes,Fiber optic,Yes,Yes,No,No,Yes,Yes,Month-to-month,Yes,Electronic check,105.15,4730.9,5915
Male,Yes,Yes,No,30,Yes,Yes,Fiber optic,Yes,Yes,Yes,Yes,Yes,No,Month-to-month,Yes,Bank transfer (automatic),105.7,3181.8,2455
Female,No,No,No,17,Yes,No,Fiber optic,No,No,No,No,No,No,Month-to-month,No,Bank transfer (automatic),70.5,1165.6,3650
Female,Yes,No,No,31,Yes,Yes,Fiber optic,No,No,No,No,No,No,Month-to-month,Yes,Electronic check,73.9,2217.15,2560
Male,No,No,No,39,Yes,Yes,Fiber optic,No,No,No,No,No,No,Month-to-month,Yes,Credit card (automatic),73.15,2730.85,3271
Female,No,Yes,Yes,59,Yes,Yes,Fiber optic,No,Yes,No,Yes,No,Yes,Month-to-month,Yes,Bank transfer (automatic),96.65,5580.8,5266
Female,No,No,No,10,Yes,Yes,Fiber optic,No,Yes,Yes,No,No,Yes,Month-to-month,Yes,Electronic check,94.85,953.45,3074
Male,No,No,No,3,Yes,No,Fiber optic,No,No,No,No,No,Yes,Month-to-month,Yes,Electronic check,80.35,253.8,4203
Female,Yes,No,No,43,Yes,Yes,Fiber optic,No,Yes,No,No,Yes,No,Month-to-month,Yes,Electronic check,90.25,3838.75,2223
Male,No,No,No,3,Yes,No,Fiber optic,No,Yes,No,No,No,Yes,Month-to-month,No,Electronic check,84.3,235.05,5828
Male,No,Yes,No,21,Yes,Yes,Fiber optic,No,Yes,Yes,No,Yes,Yes,Month-to-month,No,Electronic check,104.4,2157.95,3796
Male,Yes,Yes,No,33,No,No phone service,DSL,No,Yes,Yes,Yes,Yes,No,Month-to-month,Yes,Electronic check,50.0,1750.85,5600
Male,No,Yes,No,9,No,No phone service,DSL,No,No,No,No,No,No,One year,No,Bank transfer (automatic),24.1,259.8,3195
Female,No,No,No,2,Yes,No,DSL,No,No,Yes,No,No,Yes,Month-to-month,No,Electronic check,60.85,111.4,3796
Male,No,No,No,7,No,No phone service,DSL,No,No,Yes,Yes,No,No,One year,Yes,Credit card (automatic),35.5,249.55,5124
Female,No,Yes,Yes,5,No,No phone service,DSL,No,No,No,No,No,No,Month-to-month,No,Mailed check,25.05,125.5,2071
Male,No,Yes,Yes,2,Yes,No,Fiber optic,No,No,No,No,No,No,Month-to-month,No,Mailed check,69.95,143.9,5010
Male,No,No,No,17,Yes,No,Fiber optic,No,No,No,No,No,No,Month-to-month,Yes,Electronic check,70.8,1207.0,5420
Female,Yes,No,No,60,Yes,Yes,Fiber optic,Yes,No,No,No,Yes,Yes,One year,Yes,Bank transfer (automatic),101.4,6176.6,4483
Female,No,No,No,44,Yes,No,No,No internet service,No internet service,No internet service,No internet service,No internet service,No internet service,Two year,No,Mailed check,19.9,868.1,2809
Male,No,No,No,72,Yes,Yes,DSL,Yes,Yes,No,Yes,Yes,Yes,Two year,No,Credit card (automatic),86.05,6309.65,5965
Male,No,Yes,No,69,Yes,Yes,Fiber optic,No,Yes,No,Yes,Yes,No,Two year,Yes,Mailed check,92.45,6460.55,4452
Male,No,No,No,2,Yes,No,DSL,No,No,No,No,No,No,Month-to-month,No,Mailed check,44.65,74.9,4655
Female,No,No,No,1,Yes,Yes,Fiber optic,No,No,No,No,Yes,No,Month-to-month,Yes,Electronic check,84.6,84.6,2196
Male,No,Yes,No,57,Yes,Yes,Fiber optic,No,No,Yes,Yes,Yes,Yes,Two year,No,Electronic check,107.95,5969.85,4687
Female,No,No,No,19,Yes,No,DSL,No,Yes,No,No,Yes,No,One year,No,Electronic check,58.2,1045.25,4033
Female,No,Yes,Yes,41,Yes,Yes,Fiber optic,Yes,Yes,No,No,Yes,No,Month-to-month,Yes,Bank transfer (automatic),94.3,3893.6,2196
Male,No,Yes,Yes,67,Yes,Yes,Fiber optic,No,Yes,Yes,Yes,Yes,Yes,Two year,Yes,Bank transfer (automatic),111.2,7530.8,6060
Female,No,Yes,No,5,Yes,No,Fiber optic,Yes,No,Yes,No,No,Yes,Month-to-month,Yes,Mailed check,88.9,454.15,4356
Female,Yes,Yes,No,15,Yes,Yes,Fiber optic,No,No,Yes,Yes,No,No,Month-to-month,Yes,Electronic check,83.05,1258.3,2596
Female,No,No,No,71,Yes,Yes,Fiber optic,Yes,Yes,Yes,Yes,Yes,Yes,Two year,Yes,Electronic check,118.65,8477.6,4296
Male,No,Yes,No,3,Yes,No,No,No internet service,No internet service,No internet service,No internet service,No internet service,No internet service,Month-to-month,Yes,Credit card (automatic),20.55,51.15,4115
Female,No,Yes,Yes,71,Yes,Yes,No,No internet service,No internet service,No internet service,No internet service,No internet service,No internet service,Two year,No,Bank transfer (automatic),24.7,1810.55,5187
Female,Yes,Yes,No,70,Yes,Yes,DSL,Yes,Yes,Yes,Yes,Yes,Yes,Two year,Yes,Bank transfer (automatic),92.2,6474.45,5264
Male,No,No,No,4,No,No phone service,DSL,Yes,Yes,No,Yes,No,No,Month-to-month,No,Mailed check,42.4,146.4,4282
Male,Yes,No,No,5,Yes,No,Fiber optic,No,Yes,No,No,No,Yes,Month-to-month,Yes,Electronic check,85.55,408.5,2850
Female,No,Yes,No,61,Yes,No,No,No internet service,No internet service,No internet service,No internet service,No internet service,No internet service,Two year,No,Credit card (automatic),20.25,1278.8,5974
Male,No,No,Yes,3,Yes,Yes,No,No internet service,No internet service,No internet service,No internet service,No internet service,No internet service,Two year,Yes,Mailed check,26.4,121.25,4315
Female,No,Yes,No,3,Yes,No,DSL,No,No,No,No,No,No,Month-to-month,No,Mailed check,44.3,134.5,4903
Female,No,Yes,No,34,Yes,Yes,Fiber optic,No,No,Yes,No,Yes,No,Month-to-month,No,Electronic check,87.45,2874.15,3358
Male,No,Yes,No,71,Yes,Yes,Fiber optic,No,Yes,Yes,No,Yes,Yes,One year,Yes,Bank transfer (automatic),105.7,7472.15,4420
Female,No,Yes,Yes,23,Yes,Yes,DSL,Yes,Yes,Yes,Yes,Yes,Yes,Two year,Yes,Credit card (automatic),91.1,2198.3,5991
Female,No,No,No,36,Yes,No,No,No internet service,No internet service,No internet service,No internet service,No internet service,No internet service,One year,No,Mailed check,19.55,620.75,2691
Male,No,Yes,No,15,Yes,No,Fiber optic,No,No,No,No,No,No,Month-to-month,Yes,Bank transfer (automatic),68.6,1108.6,3351
Male,No,Yes,No,11,Yes,No,DSL,No,No,No,No,Yes,No,Month-to-month,Yes,Bank transfer (automatic),55.05,608.15,2762
Female,Yes,No,No,15,Yes,No,Fiber optic,No,Yes,No,No,No,No,Month-to-month,Yes,Credit card (automatic),75.3,1147.45,4526
Female,No,No,No,62,No,No phone service,DSL,No,Yes,Yes,No,No,Yes,Two year,Yes,Credit card (automatic),43.6,2748.7,4507
Male,No,No,Yes,7,Yes,Yes,Fiber optic,No,No,No,No,Yes,Yes,Month-to-month,No,Mailed check,95.0,655.5,2786
Female,No,Yes,No,6,Yes,Yes,Fiber optic,No,No,No,Yes,No,No,Month-to-month,Yes,Electronic check,80.5,502.85,5032
Female,No,No,No,29,Yes,Yes,No,No internet service,No internet service,No internet service,No internet service,No internet service,No internet service,Month-to-month,No,Electronic check,25.15,702.0,5491
Male,No,Yes,No,72,Yes,Yes,Fiber optic,No,Yes,No,No,Yes,No,One year,Yes,Electronic check,89.7,6588.95,6016
Female,No,No,No,69,Yes,Yes,DSL,Yes,No,Yes,Yes,Yes,Yes,Two year,Yes,Credit card (automatic),85.35,5897.4,6499
Male,No,No,No,15,Yes,No,Fiber optic,No,No,Yes,Yes,Yes,Yes,Month-to-month,Yes,Electronic check,101.35,1553.95,3025
Female,No,Yes,Yes,16,Yes,No,No,No internet service,No internet service,No internet service,No internet service,No internet service,No internet service,Two year,No,Mailed check,19.7,301.55,5293
Female,Yes,Yes,No,47,Yes,No,Fiber optic,No,No,No,No,No,No,Month-to-month,No,Bank transfer (automatic),70.55,3309.25,4457
Female,No,Yes,Yes,48,Yes,No,DSL,Yes,No,Yes,Yes,Yes,No,One year,No,Bank transfer (automatic),69.7,3023.65,3442
Female,No,Yes,No,72,Yes,No,DSL,Yes,Yes,Yes,No,No,Yes,Two year,No,Credit card (automatic),68.75,4888.2,4505
Male,No,No,No,21,Yes,Yes,Fiber optic,No,No,No,No,No,No,Month-to-month,Yes,Electronic check,73.7,1558.7,2071
Female,No,Yes,No,72,Yes,Yes,Fiber optic,No,Yes,Yes,Yes,Yes,Yes,Two year,Yes,Electronic check,110.15,7998.8,5065
Male,No,Yes,Yes,7,Yes,No,DSL,Yes,No,No,No,Yes,Yes,Month-to-month,No,Credit card (automatic),69.7,516.15,4326
Female,Yes,No,No,27,Yes,Yes,Fiber optic,No,No,No,No,No,Yes,Month-to-month,Yes,Electronic check,85.25,2287.25,5172
Male,No,Yes,No,4,Yes,Yes,Fiber optic,No,No,No,No,No,No,Month-to-month,Yes,Electronic check,74.65,301.4,4013
Female,No,No,No,4,Yes,No,DSL,No,No,No,No,No,No,Month-to-month,Yes,Mailed check,46.0,193.6,5246
Female,No,Yes,No,26,Yes,No,Fiber optic,No,No,No,No,Yes,Yes,Month-to-month,Yes,Electronic check,90.8,2361.8,2641
Male,No,No,No,42,Yes,Yes,Fiber optic,No,No,Yes,No,No,No,Month-to-month,No,Electronic check,79.9,3313.4,2583
Male,No,Yes,Yes,69,Yes,Yes,DSL,No,Yes,Yes,Yes,Yes,Yes,Two year,Yes,Bank transfer (automatic),81.95,5601.4,6182
Female,No,No,Yes,49,Yes,No,No,No internet service,No internet service,No internet service,No internet service,No internet service,No internet service,Two year,No,Credit card (automatic),20.45,1024.65,4784
Female,No,No,No,1,Yes,No,Fiber optic,No,Yes,No,No,No,No,Month-to-month,No,Electronic check,75.8,75.8,3940
Female,No,No,No,38,Yes,Yes,DSL,No,Yes,No,Yes,No,Yes,Month-to-month,No,Credit card (automatic),68.15,2656.3,3371
Female,No,No,No,37,Yes,Yes,Fiber optic,No,No,Yes,No,Yes,Yes,Month-to-month,Yes,Electronic check,100.05,3810.55,2904
Male,No,Yes,No,14,Yes,No,DSL,No,Yes,Yes,Yes,Yes,Yes,Two year,No,Mailed check,81.95,1181.75,2564
Male,Yes,No,No,1,Yes,No,Fiber optic,No,No,No,No,Yes,No,Month-to-month,Yes,Electronic check,79.1,79.1,5001
Female,No,No,No,9,Yes,No,No,No internet service,No internet service,No internet service,No internet service,No internet service,No internet service,Month-to-month,Yes,Electronic check,19.5,178.85,4283
Male,No,No,No,24,Yes,No,DSL,Yes,No,No,No,No,No,Month-to-month,Yes,Electronic check,51.15,1275.7,5796
Female,No,Yes,Yes,8,Yes,Yes,DSL,No,Yes,No,No,No,No,Month-to-month,No,Electronic check,55.75,446.8,5681
Female,No,No,No,1,Yes,Yes,Fiber optic,No,No,No,No,No,Yes,Month-to-month,No,Mailed check,85.8,85.8,2850
Female,No,Yes,No,72,Yes,Yes,DSL,Yes,Yes,Yes,Yes,Yes,No,Two year,No,Credit card (automatic),79.2,5401.9,4288
Female,No,Yes,No,72,Yes,Yes,Fiber optic,Yes,No,Yes,No,Yes,Yes,Two year,Yes,Electronic check,105.5,7544.0,5551
Female,No,Yes,Yes,17,Yes,No,DSL,Yes,No,No,Yes,No,No,Month-to-month,Yes,Credit card (automatic),55.35,920.5,5465
Female,No,No,No,68,No,No phone service,DSL,Yes,Yes,Yes,Yes,Yes,Yes,Two year,No,Credit card (automatic),64.35,4539.6,4146
Female,No,Yes,No,48,Yes,No,DSL,No,Yes,Yes,No,No,Yes,One year,Yes,Electronic check,65.65,3094.65,5427
Female,No,Yes,Yes,7,Yes,No,DSL,Yes,Yes,Yes,Yes,Yes,No,Month-to-month,Yes,Electronic check,75.7,554.05,2950
Male,No,No,No,46,No,No phone service,DSL,Yes,No,No,No,No,No,One year,Yes,Bank transfer (automatic),30.75,1489.3,5646
Male,No,Yes,No,50,Yes,Yes,Fiber optic,No,Yes,No,Yes,Yes,Yes,Month-to-month,No,Electronic check,103.7,5071.05,5897
Female,No,Yes,No,23,Yes,No,DSL,No,No,Yes,Yes,No,No,Month-to-month,No,Electronic check,54.25,1221.55,5140
Female,No,Yes,Yes,13,Yes,No,No,No internet service,No internet service,No internet service,No internet service,No internet service,No internet service,Month-to-month,Yes,Mailed check,20.45,254.5,5417
Female,No,No,Yes,18,Yes,Yes,No,No internet service,No internet service,No internet service,No internet service,No internet service,No internet service,Two year,No,Credit card (automatic),25.3,454.65,3416
Female,No,No,No,64,Yes,Yes,No,No internet service,No internet service,No internet service,No internet service,No internet service,No internet service,One year,Yes,Bank transfer (automatic),24.4,1601.2,5887
Male,No,No,No,66,Yes,Yes,Fiber optic,No,Yes,No,No,No,Yes,Month-to-month,No,Credit card (automatic),89.4,5976.9,4889
Female,No,Yes,No,9,Yes,No,DSL,Yes,No,No,No,No,No,One year,No,Mailed check,48.6,422.3,4562
Female,Yes,No,No,21,Yes,Yes,Fiber optic,No,No,No,No,Yes,Yes,Month-to-month,Yes,Electronic check,94.25,1973.75,4819
Male,No,No,Yes,40,Yes,No,No,No internet service,No internet service,No internet service,No internet service,No internet service,No internet service,One year,Yes,Bank transfer (automatic),20.4,854.9,3200
Male,No,Yes,Yes,7,No,No phone service,DSL,Yes,No,Yes,Yes,No,Yes,Two year,No,Credit card (automatic),49.65,305.55,2750
Female,No,No,No,56,Yes,Yes,Fiber optic,Yes,Yes,No,No,Yes,Yes,Month-to-month,Yes,Credit card (automatic),106.6,5893.95,5056
Female,No,Yes,Yes,22,Yes,No,No,No internet service,No internet service,No internet service,No internet service,No internet service,No internet service,One year,No,Bank transfer (automatic),20.75,452.35,2258
Female,No,No,Yes,4,Yes,No,Fiber optic,No,No,No,No,No,No,Month-to-month,Yes,Bank transfer (automatic),70.9,273.0,4287
Female,Yes,Yes,No,1,Yes,Yes,Fiber optic,No,No,No,No,No,No,Month-to-month,Yes,Electronic check,74.45,74.45,2394
Male,No,No,No,32,Yes,No,Fiber optic,No,No,No,No,Yes,Yes,Month-to-month,No,Electronic check,91.05,2871.5,2716
Male,No,No,Yes,26,No,No phone service,DSL,No,Yes,No,No,Yes,No,One year,Yes,Bank transfer (automatic),39.95,1023.75,2715
Male,No,Yes,Yes,18,No,No phone service,DSL,No,Yes,Yes,No,Yes,No,One year,No,Credit card (automatic),46.4,812.4,4003
Male,No,Yes,Yes,35,Yes,Yes,Fiber optic,No,Yes,Yes,Yes,Yes,Yes,Month-to-month,Yes,Electronic check,109.95,3782.4,5721
Female,No,Yes,Yes,72,Yes,Yes,DSL,Yes,Yes,Yes,Yes,Yes,No,Two year,No,Bank transfer (automatic),80.2,5714.2,6087
Female,No,Yes,Yes,52,Yes,Yes,Fiber optic,Yes,Yes,Yes,No,No,Yes,Month-to-month,No,Bank transfer (automatic),98.15,4993.4,5123
Female,Yes,Yes,No,7,Yes,Yes,Fiber optic,No,No,No,No,No,Yes,Month-to-month,Yes,Electronic check,84.55,646.85,5245
Female,No,No,No,36,Yes,Yes,Fiber optic,No,Yes,Yes,No,Yes,Yes,One year,Yes,Bank transfer (automatic),104.8,3886.45,5319
Female,No,No,No,2,Yes,No,No,No internet service,No internet service,No internet service,No internet service,No internet service,No internet service,Month-to-month,No,Mailed check,19.3,44.4,3009
Male,No,No,No,7,No,No phone service,DSL,Yes,No,Yes,No,No,No,One year,No,Mailed check,35.3,264.8,3463
Male,No,Yes,No,15,Yes,No,No,No internet service,No internet service,No internet service,No internet service,No internet service,No internet service,Month-to-month,Yes,Credit card (automatic),19.45,340.85,2483
Male,No,No,No,2,Yes,Yes,Fiber optic,No,Yes,No,No,No,No,Month-to-month,Yes,Electronic check,79.45,145.15,2657
Female,No,Yes,No,71,No,No phone service,DSL,Yes,Yes,Yes,Yes,No,No,Two year,Yes,Bank transfer (automatic),47.6,3377.8,4795
Male,No,Yes,Yes,27,Yes,Yes,Fiber optic,No,No,No,No,No,No,Month-to-month,Yes,Bank transfer (automatic),75.75,1929.0,4994
Male,No,Yes,Yes,44,Yes,No,DSL,No,Yes,No,Yes,No,No,Month-to-month,Yes,Bank transfer (automatic),54.9,2549.1,4412
Female,No,Yes,No,46,Yes,No,DSL,Yes,Yes,No,Yes,No,Yes,One year,No,Mailed check,70.6,3231.05,5433
Female,No,No,No,31,Yes,No,No,No internet service,No internet service,No internet service,No internet service,No internet service,No internet service,One year,No,Credit card (automatic),20.1,589.25,3086
Male,No,No,No,69,Yes,Yes,DSL,Yes,Yes,Yes,Yes,No,Yes,One year,Yes,Credit card (automatic),78.6,5356.45,6230
Male,No,Yes,Yes,25,Yes,Yes,DSL,No,No,No,No,Yes,No,Month-to-month,No,Electronic check,60.35,1404.65,3192
Male,No,Yes,Yes,25,Yes,No,No,No internet service,No internet service,No internet service,No internet service,No internet service,No internet service,Month-to-month,Yes,Mailed check,19.15,477.6,3829
Female,No,Yes,Yes,70,Yes,Yes,Fiber optic,Yes,Yes,Yes,Yes,Yes,Yes,Two year,Yes,Credit card (automatic),113.05,7869.05,4203
Male,No,Yes,No,72,Yes,No,No,No internet service,No internet service,No internet service,No internet service,No internet service,No internet service,Two year,No,Bank transfer (automatic),20.7,1492.1,6317
Male,No,No,No,2,Yes,No,DSL,No,No,No,No,No,No,Month-to-month,No,Electronic check,44.35,81.25,2570
Female,No,No,No,4,No,No phone service,DSL,Yes,Yes,No,No,No,No,Month-to-month,Yes,Electronic check,33.65,137.85,2563
Female,No,No,Yes,66,Yes,Yes,Fiber optic,Yes,No,Yes,Yes,No,No,Two year,Yes,Credit card (automatic),90.95,5930.05,6204
Male,No,No,No,5,Yes,No,DSL,No,Yes,No,Yes,No,Yes,Month-to-month,Yes,Bank transfer (automatic),65.6,339.9,5636
Male,No,No,No,1,Yes,No,DSL,No,Yes,No,No,No,No,Month-to-month,No,Electronic check,50.8,50.8,3718
Male,No,Yes,No,1,Yes,No,Fiber optic,Yes,No,No,No,Yes,Yes,Month-to-month,Yes,Electronic check,95.0,95.0,4489
Female,No,No,No,1,Yes,No,No,No internet service,No internet service,No internet service,No internet service,No internet service,No internet service,Month-to-month,Yes,Mailed check,20.2,20.2,4197
Male,Yes,Yes,No,70,Yes,Yes,Fiber optic,No,Yes,Yes,No,Yes,Yes,One year,Yes,Electronic check,104.8,7308.95,5291
Female,No,Yes,No,59,Yes,No,Fiber optic,No,Yes,No,Yes,Yes,Yes,Two year,Yes,Mailed check,100.05,6034.85,4521
Female,No,No,No,12,Yes,No,No,No internet service,No internet service,No internet service,No internet service,No internet service,No internet service,One year,Yes,Bank transfer (automatic),19.35,219.35,4451
Male,No,No,No,2,Yes,No,No,No internet service,No internet service,No internet service,No internet service,No internet service,No internet service,Month-to-month,No,Mailed check,19.4,50.6,3954
Male,No,Yes,Yes,41,Yes,No,No,No internet service,No internet service,No internet service,No internet service,No internet service,No internet service,Two year,Yes,Mailed check,20.0,879.8,5743
Female,No,No,No,38,Yes,Yes,Fiber optic,No,No,Yes,Yes,Yes,Yes,Month-to-month,Yes,Electronic check,103.65,3988.5,2511
Female,No,Yes,No,64,Yes,Yes,Fiber optic,Yes,Yes,Yes,Yes,Yes,Yes,One year,Yes,Electronic check,115.0,7396.15,5189
Male,No,Yes,No,1,Yes,Yes,Fiber optic,No,No,No,No,No,No,Month-to-month,Yes,Bank transfer (automatic),74.6,74.6,5861
Male,No,No,No,5,Yes,No,Fiber optic,No,No,Yes,No,Yes,Yes,Month-to-month,No,Bank transfer (automatic),96.5,492.55,5383
Female,No,No,No,1,No,No phone service,DSL,No,No,No,No,No,No,Month-to-month,No,Bank transfer (automatic),25.25,25.25,4831
Male,No,No,Yes,44,Yes,No,No,No internet service,No internet service,No internet service,No internet service,No internet service,No internet service,Two year,No,Bank transfer (automatic),19.55,819.95,5860
Male,No,Yes,No,1,Yes,No,Fiber optic,No,No,No,No,Yes,Yes,Month-to-month,No,Mailed check,89.15,89.15,3123
Male,No,Yes,No,30,Yes,Yes,Fiber optic,Yes,Yes,No,No,Yes,No,Month-to-month,Yes,Electronic check,94.4,2838.7,2792
Male,No,No,No,41,Yes,No,Fiber optic,No,Yes,No,Yes,Yes,Yes,Two year,Yes,Credit card (automatic),99.65,4220.35,2640
Male,No,Yes,No,53,Yes,No,No,No internet service,No internet service,No internet service,No internet service,No internet service,No internet service,Two year,No,Credit card (automatic),19.9,1110.05,4157
Male,Yes,Yes,No,72,Yes,Yes,Fiber optic,Yes,Yes,Yes,Yes,Yes,Yes,Two year,Yes,Mailed check,114.5,8331.95,6051
Male,Yes,No,No,7,Yes,Yes,Fiber optic,No,No,No,No,Yes,No,Month-to-month,Yes,Electronic check,84.8,546.95,2015
Male,No,No,No,50,Yes,Yes,DSL,No,No,Yes,Yes,No,Yes,Two year,No,Bank transfer (automatic),69.5,3418.2,4145
Male,No,No,No,1,Yes,No,DSL,No,No,No,No,No,No,Month-to-month,No,Mailed check,45.6,45.6,2352
Female,No,No,No,31,Yes,No,No,No internet service,No internet service,No internet service,No internet service,No internet service,No internet service,Two year,No,Credit card (automatic),20.9,689.35,5581
Male,No,No,No,40,Yes,Yes,Fiber optic,No,No,Yes,Yes,Yes,Yes,Month-to-month,No,Bank transfer (automatic),104.8,4131.95,3492
Female,No,No,No,1,Yes,No,No,No internet service,No internet service,No internet service,No internet service,No internet service,No internet service,Month-to-month,Yes,Mailed check,20.25,20.25,2783
Female,Yes,Yes,No,60,No,No phone service,DSL,No,Yes,No,No,Yes,Yes,Two year,Yes,Credit card (automatic),49.45,2907.55,4277
Female,No,Yes,No,17,Yes,Yes,DSL,No,No,Yes,Yes,No,No,One year,Yes,Mailed check,61.95,1070.7,4759
Male,Yes,Yes,No,72,Yes,Yes,DSL,Yes,Yes,Yes,No,Yes,Yes,Two year,No,Credit card (automatic),84.45,5899.85,5856
Female,Yes,No,No,26,Yes,Yes,Fiber optic,No,Yes,No,No,Yes,No,Month-to-month,Yes,Electronic check,89.15,2277.65,4074
Male,No,No,No,1,Yes,No,Fiber optic,No,No,No,No,Yes,Yes,Month-to-month,Yes,Electronic check,90.55,90.55,3898
Female,No,No,No,7,Yes,Yes,DSL,No,No,No,Yes,Yes,Yes,Month-to-month,Yes,Electronic check,74.65,521.1,4612
Male,No,No,No,1,Yes,Yes,Fiber optic,No,No,No,No,No,No,Month-to-month,Yes,Electronic check,75.45,75.45,5518
Male,No,Yes,Yes,64,Yes,Yes,Fiber optic,No,No,Yes,No,No,Yes,One year,No,Credit card (automatic),90.25,5629.15,4799
Male,No,Yes,Yes,33,Yes,No,DSL,No,Yes,Yes,Yes,Yes,Yes,Two year,No,Credit card (automatic),82.1,2603.1,2281
Female,No,No,No,68,Yes,No,No,No internet service,No internet service,No internet service,No internet service,No internet service,No internet service,Two year,No,Bank transfer (automatic),20.05,1386.9,5740
Female,No,Yes,Yes,34,Yes,No,No,No internet service,No internet service,No internet service,No internet service,No internet service,No internet service,Month-to-month,No,Mailed check,20.65,716.4,5099
Male,No,No,No,3,Yes,No,No,No internet service,No internet service,No internet service,No internet service,No internet service,No internet service,Month-to-month,Yes,Mailed check,19.65,68.35,4852
Female,No,No,No,7,Yes,No,No,No internet service,No internet service,No internet service,No internet service,No internet service,No internet service,One year,No,Mailed check,20.25,129.15,4208
Female,No,No,No,6,Yes,No,Fiber optic,No,No,Yes,Yes,No,Yes,Month-to-month,Yes,Electronic check,89.25,487.05,4430
Male,No,No,Yes,12,Yes,No,DSL,Yes,No,No,No,Yes,Yes,Month-to-month,Yes,Mailed check,69.85,837.5,5796
Female,No,Yes,No,59,Yes,No,DSL,No,Yes,No,Yes,Yes,Yes,Two year,Yes,Credit card (automatic),75.95,4542.35,5446
Male,No,Yes,No,12,Yes,No,Fiber optic,Yes,No,No,Yes,No,No,Month-to-month,No,Bank transfer (automatic),80.85,866.45,4306
Male,Yes,No,No,52,No,No phone service,DSL,Yes,No,No,No,Yes,Yes,Month-to-month,Yes,Credit card (automatic),48.8,2555.05,4865
Female,No,Yes,No,32,Yes,Yes,Fiber optic,No,No,Yes,No,No,Yes,Month-to-month,Yes,Bank transfer (automatic),91.05,2954.5,3590
Female,Yes,Yes,No,67,Yes,Yes,Fiber optic,Yes,No,Yes,No,Yes,Yes,One year,Yes,Credit card (automatic),107.05,7142.5,4126
Male,No,No,No,51,Yes,No,No,No internet service,No internet service,No internet service,No internet service,No internet service,No internet service,One year,No,Electronic check,19.1,1007.8,4120
Female,No,No,No,8,Yes,No,DSL,No,No,No,Yes,No,No,Month-to-month,No,Electronic check,49.4,408.25,2907
Female,Yes,Yes,No,3,Yes,No,Fiber optic,Yes,No,No,Yes,Yes,No,Month-to-month,Yes,Mailed check,88.3,273.75,4486
Female,No,Yes,No,72,Yes,Yes,Fiber optic,Yes,Yes,Yes,No,Yes,No,Two year,No,Bank transfer (automatic),100.65,7334.05,6380
Male,Yes,Yes,No,37,Yes,Yes,Fiber optic,No,No,No,No,Yes,No,Month-to-month,Yes,Electronic check,85.7,3171.15,4712
Male,No,Yes,Yes,64,Yes,Yes,No,No internet service,No internet service,No internet service,No internet service,No internet service,No internet service,Two year,Yes,Mailed check,24.8,1514.85,6281
Female,Yes,Yes,No,26,Yes,No,Fiber optic,No,Yes,No,No,No,Yes,Month-to-month,No,Electronic check,84.95,2169.75,4316
Male,No,No,No,16,Yes,No,Fiber optic,Yes,No,No,No,Yes,Yes,Month-to-month,Yes,Electronic check,94.25,1483.25,2827
Female,No,Yes,Yes,2,Yes,Yes,Fiber optic,No,No,Yes,Yes,Yes,Yes,Month-to-month,Yes,Electronic check,104.4,242.8,4690
Female,No,No,No,37,Yes,Yes,DSL,Yes,Yes,Yes,Yes,Yes,No,Month-to-month,Yes,Credit card (automatic),78.9,2976.95,3801
Male,No,No,No,66,Yes,Yes,Fiber optic,Yes,Yes,Yes,Yes,Yes,Yes,One year,Yes,Bank transfer (automatic),114.3,7383.7,5303
Female,No,No,No,72,Yes,Yes,DSL,Yes,Yes,Yes,Yes,Yes,Yes,Two year,Yes,Bank transfer (automatic),91.35,6697.2,5378
Female,Yes,No,No,1,Yes,No,DSL,No,No,No,No,No,No,Month-to-month,No,Mailed check,45.1,45.1,2740
Male,Yes,Yes,No,46,Yes,Yes,Fiber optic,Yes,Yes,Yes,No,Yes,No,Month-to-month,Yes,Electronic check,100.7,4541.2,5712
Female,No,Yes,Yes,69,Yes,No,No,No internet service,No internet service,No internet service,No internet service,No internet service,No internet service,Two year,No,Credit card (automatic),19.8,1436.95,5423
Female,No,No,No,46,Yes,No,Fiber optic,Yes,Yes,Yes,No,Yes,No,One year,Yes,Credit card (automatic),95.65,4664.2,4727
Male,No,Yes,No,8,Yes,Yes,Fiber optic,No,No,No,No,No,Yes,Month-to-month,Yes,Bank transfer (automatic),85.65,659.45,2512
Female,No,No,No,8,Yes,No,DSL,Yes,No,No,No,Yes,No,Month-to-month,Yes,Electronic check,60.0,487.75,5862
Male,No,No,No,1,Yes,No,No,No internet service,No internet service,No internet service,No internet service,No internet service,No internet service,Month-to-month,No,Bank transfer (automatic),20.05,20.05,4710
Female,Yes,No,No,67,Yes,No,Fiber optic,Yes,Yes,No,Yes,Yes,No,Two year,Yes,Bank transfer (automatic),92.45,6140.85,5857
Female,No,No,No,69,Yes,Yes,No,No internet service,No internet service,No internet service,No internet service,No internet service,No internet service,Two year,No,Credit card (automatic),24.6,1678.05,5294
Female,No,No,No,14,Yes,No,DSL,No,Yes,No,No,No,No,Month-to-month,No,Electronic check,50.45,765.45,3185
Female,No,No,No,68,Yes,Yes,DSL,Yes,No,No,No,No,No,Month-to-month,No,Mailed check,54.45,3687.75,5310
Male,No,No,No,43,No,No phone service,DSL,No,No,Yes,Yes,No,Yes,One year,No,Electronic check,44.15,1931.3,2522
Female,No,No,No,2,Yes,No,No,No internet service,No internet service,No internet service,No internet service,No internet service,No internet service,Month-to-month,No,Electronic check,19.9,57.4,2822
Female,No,No,No,6,No,No phone service,DSL,No,No,No,No,Yes,Yes,Month-to-month,No,Credit card (automatic),45.0,298.7,2270
Female,No,Yes,Yes,13,Yes,No,No,No internet service,No internet service,No internet service,No internet service,No internet service,No internet service,Two year,No,Mailed check,20.85,272.35,3163
Male,No,No,No,54,Yes,No,No,No internet service,No internet service,No internet service,No internet service,No internet service,No internet service,Two year,No,Credit card (automatic),19.65,1008.7,5708
Female,No,No,No,3,Yes,No,DSL,No,No,No,No,No,No,Month-to-month,No,Mailed check,44.75,148.05,3422
Female,Yes,No,No,26,Yes,No,Fiber optic,No,No,No,No,No,Yes,Month-to-month,Yes,Electronic check,78.8,2006.1,4509
Female,No,No,No,38,Yes,Yes,DSL,Yes,Yes,Yes,No,Yes,Yes,One year,No,Bank transfer (automatic),84.1,3187.65,2604
Female,No,Yes,Yes,23,Yes,No,No,No internet service,No internet service,No internet service,No internet service,No internet service,No internet service,Two year,No,Bank transfer (automatic),20.4,478.75,4698
Female,No,Yes,Yes,14,Yes,No,No,No internet service,No internet service,No internet service,No internet service,No internet service,No internet service,Two year,Yes,Mailed check,19.7,263.65,2966
Male,No,No,Yes,37,Yes,No,DSL,Yes,Yes,No,Yes,No,No,Two year,No,Credit card (automatic),61.45,2302.35,5447
Female,Yes,No,No,30,No,No phone service,DSL,No,No,Yes,No,Yes,No,Month-to-month,Yes,Electronic check,40.3,1172.95,3016
Female,No,No,No,7,Yes,No,Fiber optic,No,No,No,No,Yes,No,Month-to-month,Yes,Electronic check,79.7,586.05,3109
Female,No,No,No,2,Yes,Yes,Fiber optic,No,No,Yes,No,Yes,No,Month-to-month,Yes,Electronic check,91.4,193.6,5100
Male,Yes,No,No,33,Yes,Yes,No,No internet service,No internet service,No internet service,No internet service,No internet service,No internet service,One year,Yes,Bank transfer (automatic),24.9,847.8,5756
Male,Yes,Yes,Yes,50,Yes,Yes,DSL,Yes,Yes,Yes,No,No,Yes,Two year,Yes,Bank transfer (automatic),75.15,3822.45,6084
Female,No,Yes,Yes,23,Yes,Yes,No,No internet service,No internet service,No internet service,No internet service,No internet service,No internet service,Two year,No,Mailed check,25.1,611.45,2267
Male,No,No,No,72,Yes,Yes,Fiber optic,No,Yes,Yes,No,Yes,Yes,Two year,Yes,Electronic check,103.65,7634.8,6088
Male,No,Yes,No,66,Yes,Yes,Fiber optic,Yes,No,Yes,No,Yes,Yes,Two year,Yes,Credit card (automatic),106.05,6981.35,5602
Male,No,No,No,1,No,No phone service,DSL,Yes,No,No,No,No,No,Month-to-month,No,Mailed check,29.7,29.7,3383
Male,No,Yes,Yes,12,Yes,No,No,No internet service,No internet service,No internet service,No internet service,No internet service,No internet service,Month-to-month,Yes,Electronic check,19.2,239.0,3101
Female,No,No,No,61,No,No phone service,DSL,Yes,Yes,Yes,Yes,No,No,One year,No,Credit card (automatic),43.7,2696.55,4051
Female,No,Yes,Yes,46,Yes,No,No,No internet service,No internet service,No internet service,No internet service,No internet service,No internet service,Two year,No,Credit card (automatic),19.4,958.15,4630
Female,No,Yes,Yes,21,Yes,No,DSL,No,Yes,No,No,Yes,No,One year,Yes,Credit card (automatic),58.85,1215.45,2845
Male,No,Yes,Yes,32,No,No phone service,DSL,No,No,Yes,Yes,No,No,One year,Yes,Mailed check,36.25,1151.05,2609
Female,No,Yes,Yes,20,Yes,No,No,No internet service,No internet service,No internet service,No internet service,No internet service,No internet service,Month-to-month,No,Mailed check,20.05,406.05,2698
Female,No,No,No,21,No,No phone service,DSL,Yes,No,No,Yes,No,No,Two year,No,Mailed check,35.1,770.4,2991
Female,No,No,No,15,Yes,No,No,No internet service,No internet service,No internet service,No internet service,No internet service,No internet service,Month-to-month,No,Bank transfer (automatic),19.4,289.3,5379
Female,No,No,No,3,Yes,No,No,No internet service,No internet service,No internet service,No internet service,No internet service,No internet service,Month-to-month,No,Electronic check,19.75,58.85,2647
Male,Yes,No,No,10,Yes,No,Fiber optic,No,Yes,No,No,No,No,Month-to-month,Yes,Electronic check,72.85,688.65,3189
Female,No,No,No,66,Yes,Yes,Fiber optic,No,Yes,No,No,Yes,No,One year,Yes,Bank transfer (automatic),88.9,6000.1,5868
Female,No,No,No,15,Yes,No,No,No internet service,No internet service,No internet service,No internet service,No internet service,No internet service,Month-to-month,No,Bank transfer (automatic),19.75,297.3,2428
Female,No,Yes,No,17,Yes,No,No,No internet service,No internet service,No internet service,No internet service,No internet service,No internet service,One year,No,Mailed check,20.75,418.25,3646
Male,Yes,Yes,No,51,Yes,Yes,Fiber optic,No,Yes,Yes,No,No,No,Month-to-month,Yes,Electronic check,84.2,4146.05,6245
Male,No,No,No,2,Yes,No,Fiber optic,No,No,No,No,Yes,No,Month-to-month,Yes,Electronic check,80.25,144.55,5055
Female,No,Yes,No,1,No,No phone service,DSL,No,Yes,No,No,No,No,Month-to-month,Yes,Electronic check,29.85,29.85,3964
Female,No,No,No,1,Yes,No,No,No internet service,No internet service,No internet service,No internet service,No internet service,No internet service,Month-to-month,No,Mailed check,19.9,19.9,4248
Female,No,Yes,Yes,48,No,No phone service,DSL,Yes,No,Yes,No,No,Yes,One year,No,Credit card (automatic),45.0,2196.3,5269
Male,No,No,No,27,Yes,Yes,Fiber optic,No,No,No,Yes,No,No,Month-to-month,Yes,Electronic check,79.5,2180.55,2518
Male,No,No,No,20,Yes,Yes,DSL,Yes,No,No,Yes,No,No,Month-to-month,No,Bank transfer (automatic),59.2,1191.2,5924
Male,No,No,No,1,No,No phone service,DSL,No,Yes,No,No,No,No,Month-to-month,Yes,Mailed check,31.35,31.35,3605
Male,No,No,Yes,5,Yes,No,No,No internet service,No internet service,No internet service,No internet service,No internet service,No internet service,Month-to-month,No,Mailed check,20.2,83.75,5169
Female,No,No,No,11,Yes,No,DSL,No,Yes,No,No,No,No,Month-to-month,No,Electronic check,51.1,531.15,4467
Female,No,No,No,2,Yes,No,No,No internet service,No internet service,No internet service,No internet service,No internet service,No internet service,Month-to-month,Yes,Mailed check,20.55,33.6,5629
Male,No,Yes,Yes,17,Yes,Yes,No,No internet service,No internet service,No internet service,No internet service,No internet service,No internet service,Two year,Yes,Mailed check,25.15,412.6,3931
Female,No,No,Yes,7,No,No phone service,DSL,Yes,No,No,No,No,No,Month-to-month,No,Mailed check,29.8,201.95,4236
Female,No,Yes,No,31,Yes,No,DSL,No,No,No,Yes,No,No,Month-to-month,Yes,Mailed check,49.2,1498.55,2157
Female,Yes,No,No,66,Yes,Yes,Fiber optic,No,Yes,No,No,No,No,Month-to-month,Yes,Credit card (automatic),80.45,5224.35,5011
Female,No,No,No,1,Yes,Yes,Fiber optic,No,No,No,No,Yes,Yes,Month-to-month,Yes,Electronic check,94.6,94.6,4033
Male,No,No,No,5,Yes,Yes,Fiber optic,No,Yes,Yes,No,No,No,Month-to-month,Yes,Electronic check,85.3,424.15,2264
Male,No,Yes,No,42,Yes,Yes,Fiber optic,Yes,No,No,No,Yes,Yes,One year,No,Electronic check,97.1,4016.75,2170
Female,No,Yes,No,68,Yes,No,DSL,Yes,Yes,No,Yes,Yes,Yes,Two year,Yes,Bank transfer (automatic),79.6,5515.8,5601
Female,No,Yes,Yes,12,Yes,No,No,No internet service,No internet service,No internet service,No internet service,No internet service,No internet service,Month-to-month,Yes,Credit card (automatic),20.1,232.4,2360
Male,Yes,Yes,No,1,Yes,Yes,Fiber optic,No,No,No,No,No,No,Month-to-month,Yes,Electronic check,74.4,74.4,5429
Male,No,No,No,60,Yes,No,DSL,Yes,Yes,Yes,No,No,No,Two year,No,Electronic check,61.4,3638.25,6209
Male,Yes,Yes,Yes,38,Yes,Yes,Fiber optic,No,Yes,No,No,Yes,Yes,Month-to-month,No,Electronic check,101.15,3741.85,4036
Female,No,No,No,12,Yes,No,Fiber optic,No,No,Yes,No,Yes,Yes,Month-to-month,Yes,Electronic check,96.0,1062.1,5239
Female,No,Yes,Yes,15,Yes,No,DSL,No,Yes,Yes,Yes,Yes,Yes,Month-to-month,No,Bank transfer (automatic),76.5,1155.6,3851
Female,Yes,Yes,No,71,Yes,No,Fiber optic,No,Yes,Yes,No,Yes,Yes,Two year,Yes,Electronic check,99.2,7213.75,4951
Male,Yes,Yes,No,72,No,No phone service,DSL,Yes,Yes,Yes,Yes,Yes,Yes,Two year,Yes,Bank transfer (automatic),63.1,4685.55,4933
Male,No,No,No,11,Yes,No,Fiber optic,No,No,Yes,No,No,No,Month-to-month,No,Electronic check,72.9,818.45,3042
Female,No,Yes,No,70,Yes,Yes,DSL,Yes,No,No,No,No,Yes,One year,No,Bank transfer (automatic),65.2,4543.15,6316
Female,No,No,No,1,Yes,No,DSL,No,No,No,No,Yes,No,Month-to-month,Yes,Credit card (automatic),55.0,55.0,3809
Male,No,Yes,Yes,25,Yes,Yes,No,No internet service,No internet service,No internet service,No internet service,No internet service,No internet service,Two year,No,Credit card (automatic),25.5,630.6,5230
Female,Yes,No,No,72,Yes,Yes,Fiber optic,Yes,Yes,No,Yes,Yes,Yes,Two year,Yes,Bank transfer (automatic),110.1,7746.7,5232
Male,No,No,No,8,Yes,Yes,DSL,No,No,No,No,Yes,No,Month-to-month,Yes,Electronic check,59.25,436.6,3003
Male,No,Yes,Yes,29,No,No phone service,DSL,Yes,Yes,Yes,Yes,No,Yes,One year,Yes,Credit card (automatic),55.35,1636.95,5138
Male,No,No,No,5,Yes,No,DSL,Yes,No,No,Yes,No,No,Month-to-month,Yes,Mailed check,55.75,266.95,4545
Male,No,Yes,Yes,32,No,No phone service,DSL,No,No,Yes,No,Yes,Yes,Month-to-month,No,Credit card (automatic),50.6,1653.45,3087
Male,No,No,No,1,Yes,No,DSL,No,No,Yes,Yes,Yes,Yes,Month-to-month,Yes,Electronic check,75.5,75.5,2954
Male,No,Yes,No,70,Yes,Yes,Fiber optic,Yes,Yes,No,Yes,No,No,Two year,Yes,Credit card (automatic),88.0,5986.45,4867
Male,No,No,No,1,Yes,No,No,No internet service,No internet service,No internet service,No internet service,No internet service,No internet service,Month-to-month,Yes,Mailed check,20.1,20.1,4389
Female,Yes,Yes,No,27,Yes,No,Fiber optic,Yes,No,No,No,No,No,Month-to-month,Yes,Bank transfer (automatic),75.2,1929.35,4517
Male,No,No,No,14,Yes,Yes,No,No internet service,No internet service,No internet service,No internet service,No internet service,No internet service,One year,Yes,Credit card (automatic),24.8,321.7,4527
Male,No,Yes,No,30,Yes,Yes,Fiber optic,No,No,No,No,Yes,Yes,Month-to-month,Yes,Credit card (automatic),94.05,2866.45,4095
Male,No,Yes,Yes,64,No,No phone service,DSL,Yes,No,Yes,Yes,Yes,Yes,Two year,Yes,Bank transfer (automatic),60.05,3845.45,4120
Male,No,Yes,No,42,No,No phone service,DSL,No,No,No,No,No,No,Month-to-month,Yes,Credit card (automatic),25.1,1097.15,4959
Female,Yes,No,No,1,Yes,No,Fiber optic,No,No,No,No,No,No,Month-to-month,Yes,Electronic check,69.85,69.85,5056
Male,No,Yes,Yes,40,Yes,No,No,No internet service,No internet service,No internet service,No internet service,No internet service,No internet service,Month-to-month,Yes,Bank transfer (automatic),20.4,745.3,5918
Female,Yes,Yes,No,66,Yes,Yes,Fiber optic,No,Yes,No,No,Yes,Yes,Month-to-month,Yes,Electronic check,100.8,6690.75,5469
Female,No,No,No,1,Yes,No,DSL,No,No,No,Yes,No,No,Month-to-month,Yes,Electronic check,50.8,50.8,4535
Male,No,No,No,27,Yes,No,DSL,Yes,No,Yes,Yes,Yes,Yes,One year,No,Electronic check,81.7,2212.55,2445
Female,Yes,Yes,No,29,No,No phone service,DSL,Yes,No,Yes,No,No,Yes,Month-to-month,Yes,Electronic check,45.0,1228.65,3094
Female,No,Yes,No,65,Yes,Yes,Fiber optic,Yes,Yes,No,Yes,Yes,No,Two year,Yes,Credit card (automatic),99.05,6416.7,5878
Female,Yes,Yes,No,24,Yes,Yes,Fiber optic,No,No,No,No,Yes,Yes,Month-to-month,Yes,Electronic check,93.55,2264.05,4937
Male,No,Yes,No,72,Yes,Yes,Fiber optic,Yes,Yes,Yes,No,No,Yes,Two year,Yes,Electronic check,99.15,7422.1,5152
Male,No,Yes,No,70,No,No phone service,DSL,Yes,No,Yes,Yes,No,No,Two year,Yes,Credit card (automatic),39.15,2692.75,5840
Female,No,Yes,No,19,Yes,No,Fiber optic,No,No,Yes,No,Yes,Yes,Month-to-month,Yes,Electronic check,96.8,1743.05,3249
Male,No,No,No,7,Yes,Yes,Fiber optic,No,No,Yes,No,Yes,No,Month-to-month,Yes,Electronic check,90.45,593.45,5356
Female,No,No,Yes,10,Yes,No,Fiber optic,No,No,Yes,Yes,Yes,No,Month-to-month,Yes,Electronic check,91.1,964.35,3857
Female,No,Yes,No,72,Yes,Yes,No,No internet service,No internet service,No internet service,No internet service,No internet service,No internet service,Two year,Yes,Credit card (automatic),24.15,1776.45,5613
Male,Yes,Yes,No,2,Yes,No,Fiber optic,No,No,Yes,No,No,No,Month-to-month,Yes,Electronic check,74.2,140.1,3170
Female,No,Yes,No,72,Yes,Yes,DSL,Yes,Yes,Yes,Yes,Yes,Yes,Two year,Yes,Bank transfer (automatic),90.95,6468.6,6091
Female,Yes,Yes,No,39,Yes,Yes,Fiber optic,No,No,No,Yes,Yes,Yes,Month-to-month,Yes,Electronic check,101.25,3949.15,3172
Female,Yes,No,No,38,Yes,No,No,No internet service,No internet service,No internet service,No internet service,No internet service,No internet service,Two year,No,Mailed check,20.2,735.9,4947
Female,Yes,No,No,20,Yes,No,Fiber optic,No,No,No,No,No,Yes,Month-to-month,Yes,Electronic check,81.45,1671.6,2416
Male,No,Yes,Yes,69,Yes,No,Fiber optic,No,No,No,Yes,Yes,Yes,Two year,Yes,Credit card (automatic),95.2,6671.7,6166
Female,No,Yes,Yes,30,Yes,No,Fiber optic,No,No,Yes,No,No,Yes,One year,No,Electronic check,86.45,2538.05,2923
Male,No,Yes,No,57,No,No phone service,DSL,No,Yes,Yes,Yes,Yes,Yes,Two year,Yes,Bank transfer (automatic),57.5,3265.95,4133
Male,No,No,No,17,No,No phone service,DSL,No,No,No,No,No,No,Month-to-month,Yes,Mailed check,25.65,440.2,3090
Female,No,Yes,Yes,53,Yes,No,No,No internet service,No internet service,No internet service,No internet service,No internet service,No internet service,Two year,No,Mailed check,20.9,1146.05,4254
Female,Yes,No,No,5,Yes,No,Fiber optic,No,Yes,No,No,Yes,No,Month-to-month,Yes,Electronic check,84.7,392.5,2660
Female,No,Yes,Yes,43,Yes,Yes,No,No internet service,No internet service,No internet service,No internet service,No internet service,No internet service,One year,Yes,Bank transfer (automatic),24.45,993.15,5119
Male,No,Yes,No,65,Yes,Yes,DSL,No,Yes,Yes,Yes,Yes,Yes,Two year,Yes,Bank transfer (automatic),84.2,5324.5,5256
Female,No,Yes,Yes,37,Yes,No,No,No internet service,No internet service,No internet service,No internet service,No internet service,No internet service,Month-to-month,No,Electronic check,19.35,683.75,2360
Male,No,No,No,11,Yes,No,No,No internet service,No internet service,No internet service,No internet service,No internet service,No internet service,Month-to-month,Yes,Credit card (automatic),20.45,237.3,2642
Male,No,Yes,No,45,Yes,Yes,DSL,No,Yes,Yes,No,Yes,Yes,One year,No,Credit card (automatic),78.75,3600.65,2595
Male,No,No,No,37,Yes,No,Fiber optic,No,Yes,No,No,Yes,Yes,Month-to-month,Yes,Credit card (automatic),96.1,3646.8,2640
Male,No,No,No,18,Yes,Yes,DSL,Yes,No,No,No,No,No,Month-to-month,No,Mailed check,56.25,969.85,2277
Male,No,No,No,45,No,No phone service,DSL,Yes,No,Yes,Yes,No,No,One year,No,Bank transfer (automatic),42.3,1840.75,4307
Male,No,No,No,3,No,No phone service,DSL,Yes,Yes,No,No,No,No,Month-to-month,Yes,Mailed check,35.45,106.85,2095
Male,No,Yes,Yes,7,Yes,No,No,No internet service,No internet service,No internet service,No internet service,No internet service,No internet service,Month-to-month,Yes,Bank transfer (automatic),20.25,174.7,3149
Male,Yes,Yes,No,30,Yes,No,Fiber optic,No,Yes,Yes,No,No,No,Month-to-month,Yes,Mailed check,79.65,2365.15,2174
Female,No,No,No,5,Yes,No,DSL,Yes,No,No,Yes,No,No,Month-to-month,No,Electronic check,54.2,308.25,5476
Female,Yes,Yes,No,28,Yes,Yes,Fiber optic,No,No,No,Yes,Yes,Yes,Month-to-month,Yes,Credit card (automatic),101.3,2812.2,4994
Female,Yes,No,No,4,Yes,Yes,Fiber optic,No,No,No,No,No,No,Month-to-month,Yes,Electronic check,74.45,294.45,4093
Male,No,Yes,No,27,Yes,No,DSL,No,Yes,No,Yes,No,No,Month-to-month,Yes,Electronic check,53.8,1389.85,2563
Female,Yes,No,No,50,Yes,Yes,Fiber optic,No,Yes,No,Yes,Yes,Yes,One year,Yes,Electronic check,106.8,5347.95,5746
Male,No,No,No,51,Yes,Yes,Fiber optic,No,No,Yes,No,No,No,Month-to-month,No,Credit card (automatic),80.0,4242.35,4769
Female,No,Yes,Yes,30,Yes,No,No,No internet service,No internet service,No internet service,No internet service,No internet service,No internet service,Two year,No,Mailed check,19.3,602.9,4453
Female,No,Yes,Yes,14,Yes,Yes,DSL,No,Yes,No,Yes,Yes,Yes,Month-to-month,No,Credit card (automatic),80.45,1137.05,5772
Male,Yes,Yes,No,70,Yes,Yes,Fiber optic,No,Yes,Yes,No,Yes,Yes,Month-to-month,Yes,Electronic check,102.95,7101.5,5005
Male,No,Yes,No,71,Yes,Yes,Fiber optic,No,Yes,Yes,Yes,Yes,Yes,One year,Yes,Bank transfer (automatic),113.15,7953.25,4068
Female,No,No,No,29,No,No phone service,DSL,No,Yes,No,No,No,No,Month-to-month,Yes,Electronic check,30.6,856.35,3615
Male,No,Yes,No,58,Yes,Yes,Fiber optic,No,No,Yes,No,Yes,Yes,One year,No,Credit card (automatic),100.35,5681.1,6432
Male,No,No,No,1,Yes,No,No,No internet service,No internet service,No internet service,No internet service,No internet service,No internet service,Month-to-month,Yes,Mailed check,18.85,18.85,4132
Female,No,No,No,36,No,No phone service,DSL,Yes,No,No,No,No,No,Two year,No,Bank transfer (automatic),31.05,1126.35,4871
Female,No,Yes,No,72,Yes,Yes,No,No internet service,No internet service,No internet service,No internet service,No internet service,No internet service,Two year,No,Bank transfer (automatic),25.65,1887.0,5613
Male,Yes,Yes,No,17,Yes,No,Fiber optic,No,No,No,No,No,Yes,Month-to-month,No,Bank transfer (automatic),81.5,1329.2,3443
Female,Yes,Yes,No,12,Yes,Yes,Fiber optic,No,Yes,Yes,No,Yes,No,Month-to-month,Yes,Electronic check,98.1,1060.2,2709
Male,No,No,No,66,No,No phone service,DSL,No,No,No,Yes,No,No,One year,No,Credit card (automatic),29.45,1983.15,5112
Male,No,No,No,5,Yes,No,DSL,Yes,No,Yes,No,No,No,Month-to-month,Yes,Mailed check,55.8,274.35,2612
Male,No,No,No,1,Yes,No,DSL,No,No,No,No,No,No,Month-to-month,Yes,Electronic check,44.75,44.75,5479
Male,No,Yes,No,14,Yes,No,DSL,No,No,No,No,No,No,One year,No,Electronic check,44.6,641.25,4612
Female,No,Yes,No,2,Yes,No,Fiber optic,No,Yes,No,No,No,No,Month-to-month,Yes,Bank transfer (automatic),73.55,145.4,5799
Male,No,No,No,1,Yes,Yes,Fiber optic,No,No,No,No,No,No,Month-to-month,Yes,Electronic check,75.3,75.3,3596
Female,No,No,No,1,No,No phone service,DSL,No,No,No,Yes,No,No,Month-to-month,No,Mailed check,30.55,30.55,5565
Female,No,No,No,7,Yes,No,No,No internet service,No internet service,No internet service,No internet service,No internet service,No internet service,Month-to-month,No,Mailed check,20.35,150.6,3098
Male,No,No,No,26,Yes,No,No,No internet service,No internet service,No internet service,No internet service,No internet service,No internet service,Month-to-month,Yes,Electronic check,20.3,511.25,5712
Female,No,No,No,2,Yes,No,Fiber optic,Yes,Yes,No,Yes,No,No,Month-to-month,Yes,Electronic check,86.25,181.65,3529
Male,No,Yes,No,17,No,No phone service,DSL,Yes,No,Yes,No,No,No,Month-to-month,No,Mailed check,34.4,592.75,4207
Male,No,No,No,24,Yes,No,DSL,No,No,Yes,No,No,No,Month-to-month,Yes,Mailed check,49.7,1167.8,5832
Female,No,No,No,12,Yes,No,DSL,No,No,No,No,No,No,Month-to-month,No,Bank transfer (automatic),43.8,540.95,5706
Male,No,No,No,27,Yes,No,No,No internet service,No internet service,No internet service,No internet service,No internet service,No internet service,Two year,No,Credit card (automatic),19.85,470.0,2176
Female,No,Yes,Yes,70,Yes,No,No,No internet service,No internet service,No internet service,No internet service,No internet service,No internet service,Two year,Yes,Mailed check,19.2,1401.4,5261
Female,Yes,Yes,No,43,Yes,Yes,Fiber optic,Yes,No,Yes,Yes,Yes,Yes,One year,Yes,Mailed check,109.55,4830.25,5863
Female,No,No,No,38,Yes,No,Fiber optic,No,No,No,No,Yes,Yes,One year,Yes,Mailed check,89.1,3342.0,2675
Female,No,No,No,2,Yes,No,Fiber optic,No,No,No,No,No,Yes,Month-to-month,No,Electronic check,80.75,159.45,2176
Male,No,Yes,No,63,Yes,Yes,Fiber optic,No,Yes,Yes,No,Yes,Yes,Month-to-month,Yes,Electronic check,102.4,6444.05,5096
Female,Yes,Yes,No,72,Yes,Yes,Fiber optic,Yes,Yes,Yes,Yes,No,No,Two year,Yes,Bank transfer (automatic),96.6,6827.5,5153
Female,No,No,No,12,No,No phone service,DSL,Yes,No,Yes,Yes,No,Yes,Two year,No,Mailed check,49.85,552.1,3100
Female,No,Yes,No,35,Yes,No,DSL,No,Yes,No,Yes,No,No,Month-to-month,No,Electronic check,56.85,1861.1,3102
Female,No,Yes,No,16,Yes,Yes,Fiber optic,Yes,Yes,Yes,No,No,No,Month-to-month,No,Electronic check,90.7,1374.9,4839
Female,No,Yes,Yes,32,Yes,Yes,Fiber optic,No,Yes,No,No,Yes,Yes,Month-to-month,Yes,Electronic check,98.85,3089.6,3149
Male,No,Yes,Yes,72,Yes,Yes,Fiber optic,No,No,Yes,No,No,Yes,Two year,Yes,Credit card (automatic),90.8,6511.8,6188
Male,No,No,No,33,No,No phone service,DSL,No,Yes,No,No,Yes,No,One year,Yes,Electronic check,39.1,1309.0,2855
Male,No,Yes,Yes,50,Yes,No,Fiber optic,No,Yes,Yes,Yes,Yes,Yes,One year,Yes,Bank transfer (automatic),103.4,5236.4,5437
Male,No,No,No,30,Yes,Yes,DSL,Yes,No,No,No,No,Yes,Month-to-month,Yes,Mailed check,64.5,1888.45,5039
Female,No,Yes,No,3,Yes,No,No,No internet service,No internet service,No internet service,No internet service,No internet service,No internet service,Month-to-month,No,Mailed check,20.85,72.0,5867
Male,No,No,No,72,Yes,No,No,No internet service,No internet service,No internet service,No internet service,No internet service,No internet service,Two year,Yes,Mailed check,20.8,1521.2,4626
Female,No,No,No,1,Yes,No,Fiber optic,No,No,No,No,No,No,Month-to-month,Yes,Electronic check,70.1,70.1,3706
Male,Yes,No,No,71,Yes,Yes,No,No internet service,No internet service,No internet service,No internet service,No internet service,No internet service,Two year,Yes,Mailed check,24.65,1766.75,4788
Male,No,Yes,No,1,Yes,No,DSL,No,No,No,No,No,No,Month-to-month,No,Credit card (automatic),44.7,44.7,3700
Male,No,No,No,1,Yes,No,DSL,No,No,No,No,No,No,Month-to-month,Yes,Electronic check,44.8,44.8,2269
Female,Yes,Yes,No,14,Yes,Yes,Fiber optic,No,Yes,No,No,Yes,Yes,Month-to-month,Yes,Electronic check,100.2,1369.8,3369
Female,No,No,No,15,Yes,No,Fiber optic,No,Yes,No,No,No,Yes,Month-to-month,Yes,Bank transfer (automatic),85.9,1269.55,3579
Male,Yes,No,No,4,No,No phone service,DSL,No,Yes,No,No,Yes,Yes,Month-to-month,Yes,Credit card (automatic),50.95,207.35,2104
Female,No,No,No,2,Yes,No,Fiber optic,No,No,No,No,Yes,No,Month-to-month,Yes,Mailed check,79.65,152.7,5082
Female,Yes,No,No,5,Yes,Yes,Fiber optic,No,No,No,No,Yes,No,Month-to-month,Yes,Credit card (automatic),83.15,446.05,2516
Male,No,No,No,56,Yes,No,DSL,No,Yes,No,Yes,Yes,Yes,One year,Yes,Bank transfer (automatic),75.75,4284.65,6487
Male,No,Yes,Yes,70,Yes,Yes,No,No internet service,No internet service,No internet service,No internet service,No internet service,No internet service,Two year,No,Mailed check,25.35,1715.15,6059
Male,No,No,No,7,Yes,Yes,Fiber optic,No,No,No,No,No,No,Month-to-month,No,Electronic check,73.6,520.0,2679
Male,No,No,No,55,Yes,Yes,Fiber optic,No,No,No,No,Yes,Yes,Month-to-month,Yes,Electronic check,96.8,5283.95,4089
Male,No,Yes,Yes,35,Yes,Yes,No,No internet service,No internet service,No internet service,No internet service,No internet service,No internet service,Two year,No,Bank transfer (automatic),25.45,809.25,4873
Male,No,No,No,16,Yes,No,No,No internet service,No internet service,No internet service,No internet service,No internet service,No internet service,Month-to-month,No,Mailed check,20.0,275.7,3705
Male,No,No,Yes,2,Yes,No,No,No internet service,No internet service,No internet service,No internet service,No internet service,No internet service,Month-to-month,No,Mailed check,19.25,48.35,4725
Male,No,No,No,9,Yes,No,No,No internet service,No internet service,No internet service,No internet service,No internet service,No internet service,One year,Yes,Mailed check,20.15,163.7,4004
Male,No,No,No,24,Yes,Yes,Fiber optic,No,No,No,No,Yes,Yes,Month-to-month,Yes,Electronic check,94.1,2322.85,3192
Female,No,Yes,No,1,Yes,No,Fiber optic,No,No,No,No,No,No,Month-to-month,Yes,Mailed check,69.1,69.1,4779
Male,No,No,No,62,Yes,No,No,No internet service,No internet service,No internet service,No internet service,No internet service,No internet service,Two year,No,Bank transfer (automatic),19.85,1253.65,4278
Male,No,No,No,5,Yes,No,DSL,No,No,Yes,No,Yes,Yes,Month-to-month,Yes,Electronic check,70.05,346.4,4944
Male,Yes,No,No,10,Yes,No,Fiber optic,No,No,No,No,No,Yes,Month-to-month,Yes,Electronic check,79.25,793.55,3856
Male,No,Yes,No,71,Yes,Yes,DSL,Yes,Yes,No,Yes,Yes,No,Two year,No,Credit card (automatic),73.5,5357.75,5431
Male,No,No,No,36,Yes,No,No,No internet service,No internet service,No internet service,No internet service,No internet service,No internet service,Two year,Yes,Credit card (automatic),18.55,689.0,5703
Female,No,Yes,No,34,Yes,Yes,Fiber optic,No,No,No,No,Yes,Yes,Month-to-month,Yes,Electronic check,97.65,3207.55,3979
Male,No,Yes,No,12,Yes,Yes,No,No internet service,No internet service,No internet service,No internet service,No internet service,No internet service,One year,No,Mailed check,26.4,314.95,3277
Male,No,Yes,Yes,53,Yes,No,No,No internet service,No internet service,No internet service,No internet service,No internet service,No internet service,One year,No,Credit card (automatic),20.2,1068.15,6050
Female,No,No,No,7,Yes,No,No,No internet service,No internet service,No internet service,No internet service,No internet service,No internet service,One year,No,Mailed check,19.9,173.15,2750
Female,Yes,Yes,No,72,Yes,Yes,No,No internet service,No internet service,No internet service,No internet service,No internet service,No internet service,Two year,Yes,Credit card (automatic),25.7,1937.4,5079
Male,No,Yes,No,18,Yes,Yes,Fiber optic,Yes,No,No,No,Yes,Yes,Month-to-month,Yes,Electronic check,99.4,1742.95,2421
Male,No,Yes,No,31,Yes,No,DSL,Yes,Yes,Yes,Yes,No,Yes,One year,Yes,Credit card (automatic),75.5,2424.45,5611
Male,No,Yes,No,50,Yes,Yes,DSL,No,No,Yes,Yes,Yes,No,One year,Yes,Electronic check,69.65,3442.15,4706
Male,No,Yes,Yes,22,Yes,No,No,No internet service,No internet service,No internet service,No internet service,No internet service,No internet service,One year,No,Mailed check,19.95,433.5,2233
Male,Yes,Yes,No,72,Yes,Yes,Fiber optic,No,Yes,Yes,Yes,Yes,Yes,Two year,No,Credit card (automatic),109.7,7898.45,4319
Male,No,Yes,Yes,1,Yes,No,Fiber optic,No,No,No,No,No,No,Month-to-month,Yes,Credit card (automatic),69.95,69.95,5133
Female,No,No,No,1,Yes,No,No,No internet service,No internet service,No internet service,No internet service,No internet service,No internet service,Month-to-month,Yes,Mailed check,20.15,20.15,4939
Male,No,Yes,No,9,No,No phone service,DSL,No,No,No,Yes,Yes,No,Month-to-month,No,Mailed check,40.65,328.95,4800
Male,No,Yes,Yes,72,Yes,Yes,Fiber optic,Yes,No,Yes,No,Yes,Yes,Two year,Yes,Bank transfer (automatic),105.55,7542.25,4331
Male,No,No,No,58,Yes,Yes,Fiber optic,No,No,Yes,Yes,Yes,Yes,One year,Yes,Electronic check,104.65,6219.6,5411
Female,Yes,No,No,35,Yes,Yes,Fiber optic,Yes,Yes,Yes,No,Yes,Yes,One year,Yes,Electronic check,108.35,3726.15,5139
Female,No,Yes,Yes,71,Yes,No,No,No internet service,No internet service,No internet service,No internet service,No internet service,No internet service,Two year,No,Credit card (automatic),19.9,1397.3,6015
Male,No,Yes,No,72,Yes,Yes,DSL,Yes,Yes,Yes,Yes,No,Yes,Two year,No,Credit card (automatic),79.55,5810.9,4766
Female,No,Yes,No,17,Yes,Yes,Fiber optic,Yes,No,No,No,No,No,Month-to-month,No,Electronic check,78.9,1348.95,2362
Female,No,Yes,No,72,Yes,Yes,DSL,Yes,Yes,Yes,Yes,Yes,Yes,Two year,No,Bank transfer (automatic),88.05,6520.8,6247
Male,No,Yes,No,50,Yes,Yes,Fiber optic,No,No,No,Yes,Yes,Yes,One year,No,Electronic check,99.4,5059.75,6479
Male,No,Yes,Yes,26,Yes,No,No,No internet service,No internet service,No internet service,No internet service,No internet service,No internet service,Two year,Yes,Credit card (automatic),19.15,515.75,4347
Male,No,Yes,No,1,No,No phone service,DSL,No,No,Yes,No,Yes,Yes,Month-to-month,Yes,Electronic check,50.35,50.35,4526
Female,No,No,No,44,Yes,No,Fiber optic,No,Yes,Yes,No,Yes,No,Month-to-month,Yes,Credit card (automatic),88.15,3973.2,4112
Male,No,No,No,52,Yes,No,Fiber optic,No,No,Yes,No,No,Yes,Month-to-month,Yes,Credit card (automatic),83.8,4331.4,6339
Male,Yes,Yes,No,35,Yes,Yes,Fiber optic,No,No,Yes,No,Yes,Yes,Month-to-month,Yes,Electronic check,100.8,3437.5,3318
Male,Yes,No,No,1,Yes,No,Fiber optic,No,No,No,Yes,No,No,Month-to-month,No,Electronic check,74.7,74.7,4182
Male,No,No,No,2,Yes,No,DSL,Yes,Yes,No,No,No,No,Month-to-month,Yes,Mailed check,53.85,108.15,3239
Female,Yes,No,No,35,No,No phone service,DSL,No,No,Yes,No,Yes,No,Month-to-month,Yes,Electronic check,39.85,1434.6,2030
Female,No,No,No,36,Yes,No,DSL,Yes,Yes,Yes,Yes,Yes,Yes,One year,No,Bank transfer (automatic),85.85,3003.55,4898
Female,Yes,Yes,Yes,72,Yes,Yes,DSL,Yes,Yes,Yes,Yes,Yes,Yes,Two year,Yes,Bank transfer (automatic),90.15,6716.45,4606
Male,No,No,No,24,No,No phone service,DSL,Yes,No,No,No,Yes,Yes,One year,Yes,Mailed check,50.6,1288.75,4806
Male,No,Yes,No,21,Yes,Yes,Fiber optic,No,No,Yes,Yes,Yes,Yes,Month-to-month,Yes,Electronic check,106.1,2249.95,3584
Female,No,No,No,46,Yes,Yes,Fiber optic,Yes,Yes,No,No,No,No,Month-to-month,No,Mailed check,84.25,3847.6,3509
Female,No,No,No,17,Yes,Yes,No,No internet service,No internet service,No internet service,No internet service,No internet service,No internet service,Month-to-month,No,Mailed check,24.8,475.25,5208
Female,Yes,Yes,No,15,Yes,No,Fiber optic,No,Yes,No,No,Yes,Yes,Month-to-month,Yes,Electronic check,94.65,1285.05,5868
Female,No,Yes,No,17,No,No phone service,DSL,No,Yes,Yes,No,No,No,Month-to-month,Yes,Credit card (automatic),35.65,646.05,5977
Female,No,Yes,No,65,Yes,No,DSL,Yes,No,Yes,Yes,No,No,Two year,No,Credit card (automatic),58.9,3857.1,5657
Male,No,Yes,Yes,34,Yes,No,Fiber optic,No,No,No,No,No,Yes,One year,Yes,Bank transfer (automatic),78.95,2647.2,2074
Male,No,No,No,50,Yes,No,Fiber optic,Yes,Yes,No,Yes,No,Yes,Month-to-month,Yes,Credit card (automatic),93.5,4747.5,6367
Male,No,Yes,No,1,Yes,No,Fiber optic,No,No,No,No,No,No,Month-to-month,Yes,Mailed check,69.9,69.9,2100
Male,No,Yes,No,66,Yes,Yes,DSL,Yes,No,Yes,Yes,Yes,Yes,Two year,Yes,Mailed check,84.0,5714.25,5825
Female,No,No,No,1,Yes,No,Fiber optic,No,No,No,No,No,No,Month-to-month,No,Electronic check,71.35,71.35,2619
Male,No,No,Yes,72,Yes,No,No,No internet service,No internet service,No internet service,No internet service,No internet service,No internet service,Two year,No,Credit card (automatic),19.9,1529.65,5730
Female,No,Yes,Yes,59,Yes,Yes,No,No internet service,No internet service,No internet service,No internet service,No internet service,No internet service,Two year,No,Mailed check,25.45,1534.05,4746
Male,No,Yes,No,21,Yes,Yes,DSL,Yes,Yes,No,Yes,Yes,No,One year,No,Mailed check,77.5,1625.0,5353
Male,No,Yes,Yes,9,Yes,Yes,Fiber optic,No,No,Yes,No,Yes,No,One year,Yes,Electronic check,90.35,767.9,2993
Female,No,No,No,35,No,No phone service,DSL,No,No,No,No,No,No,Month-to-month,No,Electronic check,24.15,812.5,5097
Female,No,No,No,10,Yes,No,DSL,No,Yes,No,No,No,No,Month-to-month,No,Electronic check,51.2,498.25,5765
Male,No,Yes,Yes,56,Yes,Yes,No,No internet service,No internet service,No internet service,No internet service,No internet service,No internet service,Two year,No,Bank transfer (automatic),24.15,1402.25,5137
Female,Yes,No,No,66,Yes,Yes,DSL,Yes,Yes,No,Yes,No,No,One year,Yes,Credit card (automatic),63.85,4174.35,4657
Male,No,Yes,No,5,Yes,Yes,Fiber optic,No,Yes,No,Yes,No,No,Month-to-month,Yes,Electronic check,85.4,401.1,3676
Male,No,No,No,9,Yes,No,No,No internet service,No internet service,No internet service,No internet service,No internet service,No internet service,Month-to-month,No,Mailed check,20.25,178.5,3361
Male,No,Yes,No,47,Yes,No,DSL,No,Yes,Yes,No,Yes,Yes,Two year,No,Electronic check,73.6,3522.65,4795
Female,No,No,No,12,Yes,No,DSL,No,Yes,No,Yes,No,No,Month-to-month,Yes,Electronic check,54.3,654.5,3854
Female,Yes,Yes,No,62,Yes,No,DSL,Yes,No,Yes,Yes,Yes,Yes,Two year,Yes,Credit card (automatic),79.95,4819.75,6488
Male,Yes,Yes,No,34,Yes,Yes,Fiber optic,No,No,No,No,No,No,Month-to-month,Yes,Electronic check,75.55,2425.4,5381
Male,No,No,No,16,Yes,No,No,No internet service,No internet service,No internet service,No internet service,No internet service,No internet service,Month-to-month,No,Bank transfer (automatic),20.25,327.45,4327
Male,No,No,Yes,1,Yes,No,No,No internet service,No internet service,No internet service,No internet service,No internet service,No internet service,Month-to-month,Yes,Mailed check,20.25,20.25,2448
Male,No,No,No,46,Yes,No,DSL,No,No,No,No,No,No,Month-to-month,Yes,Credit card (automatic),45.2,2065.15,3150
Female,No,No,No,23,Yes,No,No,No internet service,No internet service,No internet service,No internet service,No internet service,No internet service,One year,Yes,Credit card (automatic),19.65,478.1,5916
Female,No,No,No,17,Yes,No,DSL,Yes,Yes,No,Yes,Yes,Yes,One year,No,Credit card (automatic),79.85,1387.35,5574
Female,No,No,No,27,Yes,No,DSL,No,Yes,Yes,Yes,Yes,Yes,One year,No,Mailed check,78.2,2078.95,2297
Male,No,No,Yes,18,Yes,No,DSL,No,No,No,No,No,No,Month-to-month,Yes,Credit card (automatic),45.65,747.2,4403
Male,Yes,Yes,No,19,No,No phone service,DSL,No,Yes,Yes,No,No,No,Month-to-month,Yes,Credit card (automatic),34.3,577.15,4615
Female,No,Yes,Yes,33,Yes,Yes,DSL,No,No,Yes,Yes,Yes,Yes,One year,Yes,Electronic check,79.15,2531.4,3555
Female,No,Yes,Yes,72,Yes,Yes,DSL,Yes,Yes,No,Yes,No,No,Two year,No,Credit card (automatic),66.75,4760.3,6063
Male,No,No,Yes,3,Yes,No,DSL,No,No,No,Yes,Yes,Yes,Month-to-month,No,Mailed check,70.7,225.65,2584
Male,Yes,Yes,No,71,Yes,Yes,Fiber optic,Yes,Yes,Yes,No,Yes,Yes,Month-to-month,Yes,Electronic check,107.5,7713.55,5775
Male,No,No,No,7,Yes,No,DSL,Yes,No,No,No,No,No,Month-to-month,Yes,Mailed check,51.0,354.05,3736
Male,Yes,No,No,55,Yes,Yes,Fiber optic,Yes,Yes,Yes,Yes,Yes,Yes,Month-to-month,Yes,Electronic check,116.5,6382.55,4222
Female,No,Yes,No,30,Yes,No,DSL,No,Yes,Yes,Yes,Yes,Yes,Two year,No,Bank transfer (automatic),80.8,2369.3,4274
Female,No,Yes,Yes,72,Yes,Yes,Fiber optic,No,Yes,Yes,No,Yes,Yes,One year,Yes,Credit card (automatic),103.2,7362.9,5560
Male,No,Yes,No,63,Yes,Yes,DSL,Yes,No,Yes,Yes,No,Yes,Two year,No,Mailed check,75.7,4676.7,5113
Female,No,No,No,4,Yes,Yes,Fiber optic,No,Yes,No,No,No,No,Month-to-month,Yes,Mailed check,80.3,324.2,3132
Male,Yes,No,No,11,Yes,No,Fiber optic,No,No,No,No,No,Yes,Month-to-month,Yes,Credit card (automatic),79.15,827.7,3355
Male,No,No,No,20,Yes,No,DSL,No,No,No,Yes,No,No,Month-to-month,No,Mailed check,50.0,1003.05,5741
Female,No,No,No,13,No,No phone service,DSL,Yes,No,No,No,No,No,Month-to-month,Yes,Bank transfer (automatic),30.85,394.1,2444
Female,No,Yes,Yes,10,Yes,No,DSL,No,Yes,Yes,No,No,No,Month-to-month,Yes,Mailed check,55.55,551.3,2530
Male,Yes,Yes,No,43,Yes,Yes,Fiber optic,No,Yes,Yes,Yes,Yes,Yes,Month-to-month,Yes,Bank transfer (automatic),110.75,4687.9,2728
Female,No,Yes,No,18,Yes,Yes,Fiber optic,No,No,No,Yes,Yes,No,Month-to-month,Yes,Electronic check,88.85,1594.75,3127
Male,Yes,No,No,1,Yes,No,DSL,No,No,No,No,No,No,Month-to-month,Yes,Mailed check,45.85,45.85,5715
Female,No,No,No,16,Yes,No,Fiber optic,No,Yes,No,No,No,Yes,Month-to-month,Yes,Electronic check,86.25,1340.1,3511
Female,No,No,Yes,1,No,No phone service,DSL,No,No,No,No,No,No,Month-to-month,No,Mailed check,24.7,24.7,3065
Male,No,No,No,1,Yes,Yes,Fiber optic,No,No,No,No,No,Yes,Month-to-month,Yes,Electronic check,86.6,86.6,5228
Male,Yes,No,No,43,Yes,No,Fiber optic,No,No,No,No,Yes,Yes,Month-to-month,Yes,Mailed check,89.55,3856.75,3802
Male,No,No,No,2,Yes,No,No,No internet service,No internet service,No internet service,No internet service,No internet service,No internet service,One year,No,Mailed check,19.95,47.7,3488
Male,No,No,No,58,Yes,Yes,No,No internet service,No internet service,No internet service,No internet service,No internet service,No internet service,Two year,Yes,Credit card (automatic),24.45,1513.6,6490
Male,Yes,No,No,54,No,No phone service,DSL,No,Yes,Yes,No,Yes,Yes,One year,Yes,Electronic check,55.45,2966.95,4521
Male,No,No,No,17,Yes,No,DSL,No,No,No,No,No,No,One year,No,Mailed check,44.6,681.4,2130
Male,Yes,Yes,No,66,Yes,Yes,Fiber optic,No,No,No,Yes,Yes,Yes,Month-to-month,Yes,Credit card (automatic),100.05,6871.9,4512
Female,No,No,No,5,Yes,Yes,Fiber optic,No,No,No,No,Yes,No,Month-to-month,Yes,Electronic check,85.2,474.8,4109
Female,Yes,No,No,56,Yes,Yes,DSL,Yes,No,Yes,Yes,No,Yes,Two year,No,Bank transfer (automatic),73.25,4054.2,4011
Male,No,Yes,Yes,10,Yes,No,No,No internet service,No internet service,No internet service,No internet service,No internet service,No internet service,Month-to-month,Yes,Credit card (automatic),20.05,218.5,2049
Female,No,No,No,10,Yes,No,Fiber optic,Yes,No,No,No,Yes,No,Month-to-month,Yes,Mailed check,84.7,832.05,5686
Female,No,Yes,No,72,Yes,Yes,Fiber optic,Yes,Yes,Yes,Yes,Yes,Yes,Two year,No,Credit card (automatic),112.1,7965.95,4272
Female,No,Yes,Yes,7,Yes,No,No,No internet service,No internet service,No internet service,No internet service,No internet service,No internet service,Month-to-month,No,Mailed check,20.65,158.95,4058
Female,No,No,No,4,No,No phone service,DSL,No,No,No,No,No,No,Month-to-month,Yes,Mailed check,24.25,96.05,2038
Female,No,Yes,No,49,Yes,Yes,DSL,Yes,Yes,Yes,No,No,Yes,One year,No,Electronic check,71.8,3472.05,6193
Female,No,Yes,Yes,66,Yes,Yes,Fiber optic,Yes,Yes,Yes,No,Yes,Yes,Two year,No,Bank transfer (automatic),109.25,7082.5,5865
Male,No,Yes,No,52,Yes,No,Fiber optic,Yes,Yes,Yes,Yes,Yes,Yes,Two year,Yes,Electronic check,106.3,5487.0,4969
Male,Yes,No,No,52,Yes,Yes,Fiber optic,No,Yes,Yes,Yes,Yes,Yes,Month-to-month,Yes,Electronic check,110.75,5832.0,4993
Male,No,No,No,1,Yes,No,Fiber optic,No,No,No,No,No,No,Month-to-month,No,Mailed check,69.4,69.4,2847
Female,No,Yes,Yes,17,Yes,Yes,No,No internet service,No internet service,No internet service,No internet service,No internet service,No internet service,Month-to-month,No,Mailed check,24.1,409.9,4648
Male,No,Yes,No,67,Yes,No,DSL,Yes,Yes,No,Yes,No,Yes,Two year,Yes,Credit card (automatic),69.2,4671.65,4323
Female,No,No,No,24,Yes,No,DSL,No,No,Yes,No,No,No,Month-to-month,Yes,Credit card (automatic),49.3,1233.25,5394
Female,No,Yes,No,60,No,No phone service,DSL,No,Yes,Yes,Yes,Yes,Yes,Two year,No,Credit card (automatic),60.8,3603.45,5784
Male,No,No,No,8,Yes,No,Fiber optic,No,No,No,No,No,No,Month-to-month,Yes,Mailed check,70.1,551.35,2899
Female,No,No,No,32,Yes,Yes,DSL,No,Yes,No,No,No,No,Month-to-month,Yes,Electronic check,54.2,1739.6,4454
Male,No,Yes,No,14,Yes,Yes,Fiber optic,No,Yes,Yes,No,No,No,Month-to-month,Yes,Electronic check,82.65,1185.0,4965
Female,Yes,Yes,No,1,Yes,Yes,Fiber optic,No,Yes,No,No,Yes,No,Month-to-month,Yes,Electronic check,90.6,90.6,2905
Male,Yes,No,No,2,Yes,No,DSL,No,No,No,No,No,No,Month-to-month,Yes,Electronic check,44.15,92.65,5655
Male,Yes,Yes,No,43,Yes,Yes,Fiber optic,No,Yes,No,No,Yes,Yes,Month-to-month,Yes,Electronic check,101.0,4388.4,3123
Female,Yes,Yes,No,25,Yes,Yes,DSL,Yes,No,No,Yes,Yes,No,Month-to-month,Yes,Credit card (automatic),69.5,1752.65,3154
Male,No,Yes,Yes,43,Yes,No,No,No internet service,No internet service,No internet service,No internet service,No internet service,No internet service,One year,Yes,Mailed check,19.2,776.25,5594
Female,No,Yes,Yes,47,Yes,No,No,No internet service,No internet service,No internet service,No internet service,No internet service,No internet service,Two year,No,Credit card (automatic),20.25,873.4,2070
Female,Yes,No,No,63,Yes,Yes,Fiber optic,No,No,Yes,No,No,Yes,Month-to-month,Yes,Bank transfer (automatic),89.6,5538.8,4438
Male,No,No,No,58,Yes,No,No,No internet service,No internet service,No internet service,No internet service,No internet service,No internet service,Two year,Yes,Bank transfer (automatic),19.15,1035.5,6339
Female,No,No,No,10,Yes,Yes,No,No internet service,No internet service,No internet service,No internet service,No internet service,No internet service,Month-to-month,Yes,Mailed check,24.5,270.15,5594
Female,No,No,No,25,No,No phone service,DSL,Yes,Yes,Yes,No,Yes,Yes,One year,No,Electronic check,61.05,1540.2,3695
Female,Yes,Yes,No,42,Yes,Yes,Fiber optic,No,No,No,No,Yes,Yes,Month-to-month,Yes,Electronic check,95.05,3944.5,2677
Female,No,Yes,No,49,Yes,Yes,Fiber optic,No,No,No,No,Yes,Yes,Month-to-month,Yes,Electronic check,95.6,4783.5,5732
Male,No,Yes,No,70,Yes,No,Fiber optic,Yes,Yes,Yes,Yes,Yes,Yes,One year,Yes,Bank transfer (automatic),109.5,7534.65,6136
Female,No,No,No,2,Yes,No,No,No internet service,No internet service,No internet service,No internet service,No internet service,No internet service,Month-to-month,No,Credit card (automatic),20.35,35.1,3746
Male,No,Yes,No,72,Yes,No,DSL,Yes,No,Yes,Yes,Yes,Yes,Two year,Yes,Electronic check,80.8,5728.55,4689
Male,No,Yes,No,72,Yes,Yes,DSL,Yes,No,No,No,No,No,Two year,No,Bank transfer (automatic),55.3,3983.6,6259
Female,No,No,Yes,1,Yes,No,DSL,Yes,Yes,No,Yes,No,No,Month-to-month,Yes,Electronic check,60.0,60.0,4531
Male,Yes,Yes,No,69,Yes,Yes,Fiber optic,No,Yes,Yes,No,No,Yes,Month-to-month,Yes,Bank transfer (automatic),95.35,6382.0,6132
Female,No,No,No,9,Yes,No,Fiber optic,No,No,No,No,Yes,Yes,Month-to-month,Yes,Bank transfer (automatic),90.8,809.75,2578
Male,No,No,No,10,Yes,No,No,No internet service,No internet service,No internet service,No internet service,No internet service,No internet service,Month-to-month,Yes,Credit card (automatic),20.0,198.6,4802
Male,No,Yes,Yes,70,Yes,Yes,Fiber optic,Yes,Yes,No,No,Yes,No,Month-to-month,Yes,Credit card (automatic),97.55,6669.05,4551
Male,No,No,No,6,Yes,No,Fiber optic,No,No,Yes,No,Yes,Yes,Month-to-month,No,Mailed check,94.5,575.45,3469
Female,No,Yes,Yes,65,Yes,No,DSL,Yes,Yes,Yes,No,No,No,One year,No,Bank transfer (automatic),61.35,3874.1,6354
Male,No,No,Yes,54,Yes,No,Fiber optic,Yes,Yes,No,Yes,Yes,Yes,One year,Yes,Electronic check,105.85,5826.65,5915
Female,No,No,No,46,Yes,No,DSL,No,No,No,No,No,Yes,One year,No,Credit card (automatic),55.65,2688.85,2867
Male,No,Yes,Yes,55,Yes,Yes,Fiber optic,No,No,Yes,No,Yes,No,Month-to-month,Yes,Credit card (automatic),90.4,5099.15,4603
Female,No,Yes,Yes,64,Yes,Yes,No,No internet service,No internet service,No internet service,No internet service,No internet service,No internet service,Two year,Yes,Mailed check,24.05,1559.15,4582
Male,No,No,No,63,Yes,Yes,DSL,Yes,No,Yes,Yes,No,Yes,Two year,Yes,Bank transfer (automatic),71.9,4479.2,5816
Male,No,Yes,No,60,Yes,Yes,No,No internet service,No internet service,No internet service,No internet service,No internet service,No internet service,One year,No,Bank transfer (automatic),24.15,1505.9,4501
Female,No,No,No,54,Yes,Yes,Fiber optic,No,No,Yes,Yes,No,Yes,Two year,Yes,Bank transfer (automatic),95.1,5064.85,4825
Male,No,No,No,6,Yes,No,DSL,No,No,No,No,No,No,Month-to-month,No,Electronic check,44.75,270.95,2087
Female,No,Yes,Yes,71,Yes,Yes,Fiber optic,Yes,Yes,Yes,No,Yes,No,Two year,Yes,Credit card (automatic),99.0,7061.65,4305
Female,No,Yes,Yes,41,Yes,No,Fiber optic,No,No,Yes,No,Yes,Yes,Month-to-month,Yes,Bank transfer (automatic),94.9,3848.0,3539
Male,No,Yes,No,47,Yes,Yes,Fiber optic,No,Yes,Yes,No,No,No,Month-to-month,Yes,Bank transfer (automatic),83.35,4065.0,2516
Male,No,No,No,10,Yes,No,No,No internet service,No internet service,No internet service,No internet service,No internet service,No internet service,One year,No,Mailed check,19.5,225.85,5039
Female,Yes,Yes,No,50,Yes,Yes,Fiber optic,No,Yes,No,No,Yes,No,Month-to-month,Yes,Electronic check,88.05,4367.35,5813
Male,No,No,Yes,9,Yes,No,DSL,No,No,No,No,Yes,No,Month-to-month,No,Electronic check,55.35,449.75,2688
Male,No,Yes,No,52,Yes,Yes,Fiber optic,No,No,Yes,Yes,No,Yes,Two year,Yes,Bank transfer (automatic),96.25,4990.25,4751
Male,No,No,No,38,Yes,No,No,No internet service,No internet service,No internet service,No internet service,No internet service,No internet service,One year,No,Mailed check,20.1,730.1,2907
Male,No,No,No,20,Yes,No,Fiber optic,No,No,No,No,Yes,No,Month-to-month,No,Electronic check,78.8,1641.3,2317
Male,No,No,No,3,Yes,No,Fiber optic,No,No,No,No,Yes,Yes,Month-to-month,Yes,Electronic check,92.0,266.8,4345
Male,No,Yes,No,47,Yes,Yes,Fiber optic,No,Yes,Yes,No,Yes,Yes,Month-to-month,Yes,Electronic check,104.1,5135.15,3142
Female,No,No,No,21,Yes,No,No,No internet service,No internet service,No internet service,No internet service,No internet service,No internet service,Two year,Yes,Credit card (automatic),20.85,435.25,5422
Female,No,No,No,9,Yes,No,No,No internet service,No internet service,No internet service,No internet service,No internet service,No internet service,Month-to-month,No,Bank transfer (automatic),19.5,150.35,4883
Male,No,Yes,No,72,Yes,Yes,Fiber optic,No,Yes,Yes,No,Yes,Yes,Two year,Yes,Bank transfer (automatic),104.8,7470.1,4165
Female,No,Yes,Yes,3,Yes,No,Fiber optic,No,No,No,No,No,No,Month-to-month,Yes,Electronic check,69.55,200.2,5998
Female,No,No,Yes,18,Yes,Yes,DSL,Yes,No,No,No,No,No,Month-to-month,No,Mailed check,57.65,992.7,3425
Female,No,Yes,No,68,Yes,Yes,No,No internet service,No internet service,No internet service,No internet service,No internet service,No internet service,Two year,Yes,Credit card (automatic),24.95,1614.9,6146
Male,No,Yes,No,61,Yes,Yes,DSL,No,Yes,Yes,No,Yes,Yes,Two year,No,Bank transfer (automatic),80.9,4932.5,4161
Male,No,Yes,No,23,Yes,No,DSL,Yes,No,No,No,No,Yes,Month-to-month,Yes,Bank transfer (automatic),59.95,1406.0,5379
Male,No,No,No,47,Yes,Yes,Fiber optic,Yes,Yes,No,No,Yes,No,One year,No,Bank transfer (automatic),94.8,4535.85,5022
Male,Yes,No,No,15,Yes,Yes,Fiber optic,No,No,No,No,No,No,Month-to-month,Yes,Credit card (automatic),74.2,1133.9,4553
Female,No,Yes,Yes,35,Yes,No,No,No internet service,No internet service,No internet service,No internet service,No internet service,No internet service,One year,No,Mailed check,19.65,708.8,3739
Female,No,Yes,No,32,Yes,No,No,No internet service,No internet service,No internet service,No internet service,No internet service,No internet service,One year,No,Mailed check,19.3,593.2,5817
Male,No,No,No,71,Yes,Yes,Fiber optic,Yes,No,No,Yes,No,Yes,One year,No,Credit card (automatic),97.65,6687.85,5319
Female,No,Yes,No,52,Yes,Yes,Fiber optic,No,Yes,Yes,No,Yes,Yes,Month-to-month,Yes,Electronic check,105.05,5624.85,4839
Male,No,No,No,72,No,No phone service,DSL,Yes,Yes,Yes,Yes,Yes,Yes,Two year,Yes,Bank transfer (automatic),63.7,4464.8,4921
Male,No,No,No,12,Yes,Yes,No,No internet service,No internet service,No internet service,No internet service,No internet service,No internet service,Month-to-month,No,Electronic check,25.0,316.2,4408
Male,Yes,Yes,No,44,Yes,No,No,No internet service,No internet service,No internet service,No internet service,No internet service,No internet service,Two year,Yes,Credit card (automatic),19.35,847.25,4975
Male,No,Yes,No,72,Yes,Yes,Fiber optic,Yes,Yes,Yes,No,Yes,Yes,Two year,Yes,Electronic check,109.65,7880.25,6181
Female,Yes,No,No,18,Yes,Yes,Fiber optic,No,Yes,No,Yes,No,No,Month-to-month,Yes,Electronic check,85.45,1505.85,5145
Female,No,No,No,7,Yes,Yes,Fiber optic,No,No,No,No,No,No,Month-to-month,Yes,Electronic check,73.85,511.25,2473
Male,No,No,No,10,Yes,Yes,Fiber optic,No,No,No,No,No,No,Month-to-month,Yes,Mailed check,74.15,811.8,4231
Male,No,Yes,Yes,42,Yes,No,No,No internet service,No internet service,No internet service,No internet service,No internet service,No internet service,One year,No,Mailed check,20.25,854.9,4439
Male,No,Yes,No,72,Yes,Yes,Fiber optic,No,Yes,Yes,No,Yes,Yes,Two year,Yes,Bank transfer (automatic),103.75,7346.2,4655
Male,No,Yes,No,29,Yes,Yes,Fiber optic,No,No,Yes,No,No,Yes,Month-to-month,Yes,Electronic check,89.2,2698.35,5292
Male,No,Yes,No,63,Yes,Yes,Fiber optic,Yes,No,No,Yes,No,No,Two year,Yes,Credit card (automatic),84.65,5377.8,4604
Female,No,No,No,1,Yes,No,No,No internet service,No internet service,No internet service,No internet service,No internet service,No internet service,Month-to-month,Yes,Mailed check,19.9,19.9,3351
Female,No,Yes,No,26,Yes,Yes,DSL,Yes,Yes,Yes,Yes,Yes,Yes,One year,Yes,Credit card (automatic),90.1,2312.55,2068
Female,No,No,No,65,Yes,Yes,Fiber optic,Yes,Yes,No,Yes,No,No,One year,Yes,Electronic check,89.85,5844.65,6421
Male,No,Yes,Yes,71,Yes,Yes,DSL,Yes,No,No,No,Yes,No,One year,Yes,Electronic check,66.2,4692.55,4756
Female,No,Yes,No,61,Yes,Yes,Fiber optic,No,Yes,No,No,Yes,Yes,Two year,Yes,Bank transfer (automatic),101.05,5971.25,6311
Female,No,No,No,52,Yes,Yes,Fiber optic,No,Yes,No,No,No,No,One year,Yes,Mailed check,80.2,4297.6,5597
Female,No,Yes,No,2,No,No phone service,DSL,No,No,No,No,Yes,Yes,Month-to-month,No,Electronic check,44.6,97.1,5482
Male,Yes,Yes,No,29,Yes,Yes,Fiber optic,No,Yes,Yes,No,No,Yes,Month-to-month,Yes,Electronic check,95.9,2745.2,2151
Male,No,No,No,17,Yes,No,No,No internet service,No internet service,No internet service,No internet service,No internet service,No internet service,One year,Yes,Mailed check,20.1,279.5,2185
Female,No,Yes,Yes,58,Yes,No,No,No internet service,No internet service,No internet service,No internet service,No internet service,No internet service,Two year,No,Credit card (automatic),19.55,1079.65,4125
Female,No,No,No,4,Yes,No,Fiber optic,No,No,Yes,No,No,Yes,Month-to-month,Yes,Credit card (automatic),82.85,319.6,3154
Male,No,Yes,No,23,Yes,Yes,Fiber optic,Yes,Yes,Yes,No,Yes,No,Month-to-month,Yes,Electronic check,99.25,2186.4,5338
Female,No,No,No,31,Yes,Yes,Fiber optic,No,No,No,Yes,No,No,Month-to-month,Yes,Credit card (automatic),79.85,2404.15,2554
Female,No,No,No,61,Yes,Yes,Fiber optic,No,Yes,Yes,No,Yes,Yes,One year,Yes,Electronic check,103.95,6423.0,4148
Male,Yes,No,No,6,Yes,No,Fiber optic,No,No,No,No,Yes,No,Month-to-month,Yes,Electronic check,79.7,497.6,2893
Female,No,No,No,61,Yes,Yes,DSL,Yes,No,Yes,Yes,Yes,Yes,Two year,No,Credit card (automatic),86.45,5175.3,4471
Male,No,Yes,Yes,58,Yes,Yes,Fiber optic,No,No,Yes,Yes,Yes,Yes,One year,Yes,Bank transfer (automatic),105.05,6004.85,5870
Female,No,No,No,10,Yes,No,No,No internet service,No internet service,No internet service,No internet service,No internet service,No internet service,One year,Yes,Mailed check,19.8,198.25,5270
Female,Yes,Yes,No,55,Yes,Yes,Fiber optic,No,Yes,Yes,Yes,No,No,Month-to-month,No,Electronic check,90.45,5044.8,5140
Male,No,Yes,Yes,72,Yes,Yes,Fiber optic,Yes,Yes,Yes,Yes,Yes,Yes,Two year,Yes,Bank transfer (automatic),116.6,8337.45,5227
Male,No,Yes,No,72,Yes,Yes,Fiber optic,Yes,Yes,Yes,Yes,No,Yes,Two year,No,Bank transfer (automatic),105.6,7581.5,5981
Male,No,Yes,No,40,Yes,Yes,Fiber optic,No,No,No,No,Yes,Yes,Month-to-month,Yes,Bank transfer (automatic),97.1,3706.95,3099
Female,No,Yes,No,6,Yes,No,DSL,No,No,No,No,No,No,Month-to-month,No,Mailed check,45.65,323.45,4227
Female,No,Yes,Yes,70,Yes,Yes,Fiber optic,No,Yes,Yes,No,Yes,Yes,One year,Yes,Electronic check,106.5,7397.0,6319
Male,No,No,No,30,Yes,No,Fiber optic,No,No,No,No,Yes,Yes,Month-to-month,Yes,Electronic check,90.25,2755.35,5654
Female,No,No,No,1,Yes,No,Fiber optic,No,No,No,No,Yes,Yes,Month-to-month,No,Electronic check,90.55,90.55,2627
Male,No,No,No,67,Yes,Yes,Fiber optic,Yes,Yes,Yes,Yes,Yes,Yes,Two year,No,Credit card (automatic),116.2,7752.3,4495
Male,No,Yes,No,34,Yes,No,No,No internet service,No internet service,No internet service,No internet service,No internet service,No internet service,One year,No,Credit card (automatic),19.6,678.8,4669
Female,Yes,No,No,2,Yes,Yes,Fiber optic,No,No,No,No,Yes,Yes,Month-to-month,Yes,Electronic check,93.85,170.85,4193
Male,Yes,Yes,No,7,Yes,No,Fiber optic,No,No,No,No,No,No,Month-to-month,Yes,Mailed check,70.1,467.55,3669
Male,Yes,No,No,8,Yes,No,Fiber optic,No,No,No,No,No,No,Month-to-month,Yes,Electronic check,69.7,560.85,3068
Male,No,Yes,No,35,Yes,Yes,Fiber optic,No,No,No,Yes,No,Yes,Month-to-month,Yes,Bank transfer (automatic),89.85,3161.2,4945
Male,No,Yes,No,9,Yes,Yes,Fiber optic,Yes,No,No,No,No,Yes,Month-to-month,Yes,Electronic check,88.05,801.3,2715
Male,No,No,Yes,6,Yes,No,No,No internet service,No internet service,No internet service,No internet service,No internet service,No internet service,Month-to-month,Yes,Mailed check,20.2,98.35,3478
Male,No,No,No,5,Yes,No,DSL,No,No,No,Yes,No,No,Month-to-month,Yes,Electronic check,49.2,216.9,4336
Female,No,Yes,No,3,Yes,Yes,Fiber optic,No,No,No,No,No,No,Month-to-month,Yes,Credit card (automatic),74.75,229.5,3972
Male,No,No,No,35,Yes,No,No,No internet service,No internet service,No internet service,No internet service,No internet service,No internet service,One year,Yes,Mailed check,19.15,638.0,4052
Female,No,Yes,No,15,Yes,Yes,DSL,No,No,No,No,No,No,Month-to-month,Yes,Electronic check,51.1,711.15,4858
Male,Yes,Yes,No,17,Yes,No,Fiber optic,No,Yes,No,No,No,No,Month-to-month,Yes,Electronic check,76.45,1233.4,3266
Female,No,Yes,Yes,33,Yes,Yes,No,No internet service,No internet service,No internet service,No internet service,No internet service,No internet service,One year,No,Credit card (automatic),24.15,800.3,4501
Female,No,No,No,3,No,No phone service,DSL,No,Yes,No,No,Yes,Yes,Month-to-month,Yes,Electronic check,50.6,155.35,4800
Male,No,Yes,No,68,Yes,No,DSL,Yes,Yes,Yes,No,No,Yes,Two year,No,Bank transfer (automatic),70.95,4741.45,5036
Female,No,Yes,Yes,60,Yes,Yes,Fiber optic,Yes,Yes,Yes,Yes,Yes,Yes,Two year,No,Credit card (automatic),115.25,6758.45,5328
Female,No,Yes,Yes,23,Yes,Yes,Fiber optic,Yes,No,No,No,No,No,One year,No,Credit card (automatic),81.85,1810.85,5939
Female,No,Yes,Yes,35,Yes,Yes,No,No internet service,No internet service,No internet service,No internet service,No internet service,No internet service,Two year,No,Bank transfer (automatic),24.3,821.6,5998
Female,No,Yes,Yes,63,Yes,No,No,No internet service,No internet service,No internet service,No internet service,No internet service,No internet service,Two year,No,Credit card (automatic),20.0,1209.25,5975
Female,No,No,No,2,Yes,No,DSL,No,No,No,No,No,No,Month-to-month,No,Electronic check,44.45,82.7,5694
Male,No,Yes,Yes,3,Yes,No,Fiber optic,Yes,Yes,No,No,Yes,No,Month-to-month,No,Electronic check,89.85,248.4,4648
Female,Yes,Yes,No,60,Yes,Yes,Fiber optic,No,Yes,Yes,No,Yes,Yes,Month-to-month,Yes,Electronic check,105.9,6401.25,5084
Male,Yes,No,No,1,No,No phone service,DSL,No,No,Yes,No,No,Yes,Month-to-month,Yes,Electronic check,39.65,39.65,5433
Male,Yes,Yes,No,55,Yes,Yes,Fiber optic,No,Yes,Yes,Yes,Yes,Yes,Two year,Yes,Electronic check,113.6,6292.7,5754
Male,Yes,No,No,3,Yes,Yes,Fiber optic,No,Yes,Yes,No,Yes,Yes,Month-to-month,Yes,Electronic check,105.0,294.45,5960
Male,No,No,No,1,Yes,No,Fiber optic,No,No,No,Yes,No,No,Month-to-month,Yes,Electronic check,75.9,75.9,3389
Male,No,Yes,No,14,No,No phone service,DSL,No,No,No,No,Yes,Yes,Month-to-month,No,Electronic check,46.35,667.7,5360
Male,No,Yes,No,32,Yes,Yes,Fiber optic,Yes,No,No,No,Yes,Yes,Month-to-month,Yes,Credit card (automatic),99.55,3204.65,5026
Male,No,No,No,35,Yes,No,No,No internet service,No internet service,No internet service,No internet service,No internet service,No internet service,Month-to-month,No,Bank transfer (automatic),20.75,739.9,5876
Female,No,Yes,No,58,No,No phone service,DSL,No,No,Yes,Yes,Yes,Yes,Two year,Yes,Credit card (automatic),55.5,3166.9,4080
Female,No,Yes,No,35,No,No phone service,DSL,Yes,No,No,Yes,Yes,No,Two year,Yes,Credit card (automatic),46.35,1662.05,4577
Female,No,Yes,No,59,Yes,No,Fiber optic,Yes,No,Yes,No,No,No,One year,Yes,Credit card (automatic),81.25,4639.45,4709
Female,No,Yes,No,2,Yes,No,Fiber optic,No,No,No,No,No,No,Month-to-month,Yes,Credit card (automatic),70.4,154.8,5748
Male,Yes,No,No,24,Yes,Yes,Fiber optic,No,Yes,Yes,No,Yes,Yes,Month-to-month,Yes,Credit card (automatic),102.95,2496.7,5245
Female,No,Yes,No,53,Yes,No,No,No internet service,No internet service,No internet service,No internet service,No internet service,No internet service,One year,Yes,Bank transfer (automatic),19.85,1039.45,4836
Female,No,No,No,18,Yes,No,No,No internet service,No internet service,No internet service,No internet service,No internet service,No internet service,One year,No,Bank transfer (automatic),20.15,390.85,4931
Male,No,No,No,1,Yes,No,DSL,No,No,No,Yes,No,No,Month-to-month,No,Mailed check,49.05,49.05,3178
Male,No,Yes,Yes,70,Yes,Yes,DSL,Yes,Yes,Yes,Yes,No,Yes,One year,No,Bank transfer (automatic),78.35,5445.95,4422
Female,Yes,No,No,50,Yes,Yes,Fiber optic,No,No,Yes,Yes,Yes,Yes,Month-to-month,Yes,Electronic check,104.95,5222.35,5570
Male,No,Yes,No,64,Yes,Yes,DSL,No,Yes,Yes,Yes,Yes,No,Two year,Yes,Bank transfer (automatic),76.1,4818.8,4222
Male,No,Yes,No,72,No,No phone service,DSL,Yes,Yes,Yes,No,No,No,Two year,No,Bank transfer (automatic),42.1,2962.0,6091
Male,Yes,Yes,No,72,Yes,No,Fiber optic,Yes,Yes,No,Yes,No,No,Two year,Yes,Credit card (automatic),84.8,6141.65,4240
Male,Yes,Yes,No,15,Yes,Yes,Fiber optic,No,No,No,No,No,Yes,Month-to-month,Yes,Bank transfer (automatic),85.6,1345.55,4981
Female,Yes,Yes,No,65,Yes,Yes,Fiber optic,Yes,No,Yes,No,Yes,Yes,Month-to-month,No,Bank transfer (automatic),105.25,6786.4,4196
Male,No,Yes,No,28,Yes,No,Fiber optic,No,No,No,Yes,No,No,Month-to-month,No,Bank transfer (automatic),76.55,2065.4,2085
Male,No,No,No,3,Yes,No,Fiber optic,No,No,Yes,No,No,Yes,Month-to-month,No,Credit card (automatic),85.7,256.75,5806
Female,Yes,No,No,43,Yes,No,Fiber optic,Yes,Yes,No,Yes,Yes,Yes,Month-to-month,Yes,Credit card (automatic),108.15,4600.7,2833
Male,No,Yes,Yes,27,Yes,Yes,DSL,No,No,No,Yes,Yes,Yes,Month-to-month,No,Bank transfer (automatic),71.6,1957.1,3773
Male,Yes,Yes,No,72,Yes,Yes,Fiber optic,No,Yes,Yes,No,Yes,Yes,Two year,Yes,Bank transfer (automatic),104.15,7689.95,5925
Female,No,No,No,1,No,No phone service,DSL,Yes,No,No,No,No,No,Month-to-month,No,Mailed check,29.9,29.9,4155
Female,No,No,No,52,Yes,No,DSL,No,No,Yes,No,No,Yes,Month-to-month,Yes,Electronic check,59.45,3043.7,6107
Male,No,No,No,2,Yes,Yes,Fiber optic,No,No,No,No,Yes,No,Month-to-month,Yes,Electronic check,85.65,181.5,3878
Male,No,No,No,3,No,No phone service,DSL,No,No,No,No,No,No,Month-to-month,No,Electronic check,25.1,79.8,2013
Male,Yes,Yes,No,29,Yes,Yes,Fiber optic,No,No,No,No,No,Yes,Month-to-month,Yes,Electronic check,84.3,2357.75,2217
Female,No,Yes,Yes,65,Yes,Yes,No,No internet service,No internet service,No internet service,No internet service,No internet service,No internet service,Two year,No,Credit card (automatic),26.0,1654.85,5352
Female,No,Yes,No,55,Yes,Yes,DSL,Yes,Yes,No,Yes,No,No,One year,Yes,Credit card (automatic),66.05,3462.1,5501
Male,No,Yes,No,72,Yes,Yes,DSL,Yes,Yes,Yes,No,No,No,Two year,No,Credit card (automatic),64.45,4720.0,6330
Female,No,No,No,63,Yes,No,No,No internet service,No internet service,No internet service,No internet service,No internet service,No internet service,Two year,Yes,Mailed check,20.6,1298.7,6469
Male,No,Yes,Yes,5,Yes,Yes,DSL,No,No,No,Yes,No,No,Month-to-month,Yes,Mailed check,55.7,259.4,3598
Male,No,No,No,59,Yes,No,No,No internet service,No internet service,No internet service,No internet service,No internet service,No internet service,Two year,No,Mailed check,19.35,1099.6,5084
Female,No,Yes,Yes,69,No,No phone service,DSL,Yes,No,Yes,No,No,Yes,Two year,Yes,Credit card (automatic),43.95,2960.1,4479
Male,No,No,No,27,Yes,No,DSL,Yes,No,Yes,Yes,Yes,No,One year,No,Credit card (automatic),69.35,1927.3,2450
Male,No,No,No,15,No,No phone service,DSL,No,No,Yes,No,Yes,Yes,One year,No,Electronic check,50.75,688.2,5091
Male,No,No,Yes,1,Yes,No,No,No internet service,No internet service,No internet service,No internet service,No internet service,No internet service,Month-to-month,Yes,Mailed check,19.3,19.3,4136
Female,No,No,No,40,Yes,No,DSL,No,No,Yes,No,No,No,One year,Yes,Mailed check,50.25,2023.55,2449
Female,No,No,No,3,Yes,No,DSL,No,Yes,No,Yes,Yes,Yes,Month-to-month,Yes,Electronic check,75.3,244.1,5387
Male,No,No,No,7,Yes,No,DSL,No,No,No,No,No,No,Month-to-month,No,Mailed check,43.9,278.4,3565
Male,No,Yes,No,28,Yes,Yes,Fiber optic,No,Yes,Yes,No,Yes,No,Month-to-month,No,Credit card (automatic),96.6,2684.35,5530
Female,No,No,No,45,Yes,No,DSL,Yes,Yes,No,Yes,No,No,One year,Yes,Credit card (automatic),62.55,2796.45,2935
Female,No,No,No,5,No,No phone service,DSL,No,No,Yes,No,No,Yes,Month-to-month,No,Electronic check,39.5,210.75,2863
Male,No,No,No,12,Yes,No,DSL,Yes,No,No,Yes,No,No,Month-to-month,No,Mailed check,56.65,654.85,3043
Female,No,Yes,No,21,Yes,Yes,Fiber optic,No,No,No,No,Yes,Yes,Month-to-month,Yes,Electronic check,94.3,1948.35,2058
Male,No,Yes,Yes,70,Yes,Yes,No,No internet service,No internet service,No internet service,No internet service,No internet service,No internet service,Two year,No,Mailed check,25.4,1782.05,4954
Female,No,Yes,No,70,Yes,Yes,Fiber optic,No,No,Yes,No,Yes,Yes,One year,Yes,Electronic check,97.65,6982.5,4252
Male,No,No,No,64,Yes,Yes,Fiber optic,Yes,No,Yes,Yes,No,Yes,Two year,No,Credit card (automatic),99.25,6549.45,5213
Female,No,Yes,No,70,Yes,No,DSL,Yes,Yes,Yes,Yes,Yes,Yes,Two year,No,Credit card (automatic),86.45,5950.2,5950
Male,No,Yes,No,72,Yes,Yes,Fiber optic,Yes,Yes,Yes,Yes,Yes,Yes,Two year,Yes,Electronic check,115.55,8425.3,5890
Female,No,No,No,17,Yes,No,No,No internet service,No internet service,No internet service,No internet service,No internet service,No internet service,Month-to-month,No,Credit card (automatic),19.7,340.35,4222
Male,No,No,Yes,1,Yes,No,No,No internet service,No internet service,No internet service,No internet service,No internet service,No internet service,Month-to-month,No,Mailed check,20.75,20.75,3358
Male,No,Yes,Yes,37,Yes,No,No,No internet service,No internet service,No internet service,No internet service,No internet service,No internet service,One year,No,Credit card (automatic),19.8,677.05,5137
Male,No,No,No,8,Yes,No,No,No internet service,No internet service,No internet service,No internet service,No internet service,No internet service,Month-to-month,Yes,Credit card (automatic),20.45,162.3,5624
Male,No,Yes,No,38,Yes,Yes,Fiber optic,Yes,No,No,No,Yes,No,Month-to-month,No,Bank transfer (automatic),91.7,3479.05,3676
Male,No,Yes,No,24,Yes,No,Fiber optic,Yes,No,No,Yes,No,Yes,Month-to-month,Yes,Electronic check,89.25,2210.2,5436
Female,No,No,No,5,Yes,Yes,Fiber optic,No,No,Yes,No,Yes,Yes,Month-to-month,Yes,Electronic check,100.5,514.0,5180
Male,No,No,No,53,Yes,No,No,No internet service,No internet service,No internet service,No internet service,No internet service,No internet service,Two year,No,Bank transfer (automatic),19.75,1052.35,6265
Female,No,Yes,No,12,No,No phone service,DSL,No,Yes,No,No,No,No,Month-to-month,No,Mailed check,29.2,309.1,3747
Male,No,Yes,No,34,Yes,No,No,No internet service,No internet service,No internet service,No internet service,No internet service,No internet service,Two year,No,Credit card (automatic),20.05,679.0,2236
Male,No,No,Yes,70,Yes,Yes,Fiber optic,Yes,Yes,Yes,Yes,Yes,Yes,Two year,Yes,Electronic check,114.6,7882.5,5414
Male,No,No,No,3,Yes,No,No,No internet service,No internet service,No internet service,No internet service,No internet service,No internet service,Month-to-month,No,Mailed check,20.7,57.5,2011
Female,No,Yes,Yes,55,Yes,Yes,DSL,Yes,No,Yes,Yes,Yes,Yes,Two year,Yes,Bank transfer (automatic),85.1,4657.95,5661
Female,Yes,Yes,No,48,Yes,Yes,Fiber optic,Yes,Yes,Yes,Yes,Yes,Yes,Month-to-month,No,Electronic check,117.45,5438.9,5915
Female,No,Yes,No,68,Yes,Yes,Fiber optic,No,No,No,No,Yes,No,One year,Yes,Electronic check,83.0,5685.8,4714
Female,No,Yes,No,56,Yes,Yes,No,No internet service,No internet service,No internet service,No internet service,No internet service,No internet service,One year,No,Electronic check,24.3,1261.7,5052
Female,No,Yes,No,7,Yes,Yes,Fiber optic,No,No,No,No,Yes,No,Month-to-month,Yes,Electronic check,86.5,582.5,3887
Male,No,No,No,35,Yes,No,Fiber optic,No,Yes,Yes,No,Yes,Yes,One year,Yes,Bank transfer (automatic),102.35,3626.1,2473
Female,Yes,No,No,2,Yes,Yes,Fiber optic,No,No,Yes,No,No,Yes,Month-to-month,Yes,Electronic check,88.55,179.25,3685
Female,No,No,No,21,Yes,No,Fiber optic,No,Yes,Yes,No,No,Yes,Month-to-month,Yes,Electronic check,90.05,1862.9,5982
Male,No,Yes,Yes,49,No,No phone service,DSL,Yes,No,No,No,No,Yes,Month-to-month,Yes,Electronic check,39.2,1838.15,4810
Male,No,Yes,Yes,60,Yes,No,No,No internet service,No internet service,No internet service,No internet service,No internet service,No internet service,Two year,No,Credit card (automatic),19.65,1161.75,6315
Male,Yes,No,No,32,Yes,Yes,Fiber optic,No,No,Yes,No,No,No,Month-to-month,Yes,Credit card (automatic),81.1,2619.25,2143
Male,No,Yes,No,54,Yes,Yes,Fiber optic,No,Yes,Yes,No,Yes,Yes,Month-to-month,Yes,Electronic check,104.3,5278.15,4019
Female,No,Yes,Yes,47,No,No phone service,DSL,Yes,Yes,Yes,No,Yes,Yes,Two year,Yes,Credit card (automatic),60.0,2768.65,3248
Female,No,No,Yes,25,Yes,No,DSL,No,Yes,No,Yes,No,No,One year,Yes,Credit card (automatic),54.75,1266.35,5136
Male,No,No,No,4,Yes,No,DSL,No,No,No,No,No,No,Month-to-month,Yes,Credit card (automatic),44.8,176.2,5565
Male,No,No,No,72,Yes,No,No,No internet service,No internet service,No internet service,No internet service,No internet service,No internet service,Two year,No,Bank transfer (automatic),19.85,1434.1,4790
Female,No,No,No,1,Yes,No,Fiber optic,No,No,No,No,No,No,Month-to-month,Yes,Mailed check,70.8,70.8,3901
Male,No,No,No,18,Yes,Yes,Fiber optic,No,No,No,No,Yes,No,Month-to-month,No,Bank transfer (automatic),84.3,1537.9,4612
Female,No,No,No,1,No,No phone service,DSL,No,No,No,No,No,No,Month-to-month,Yes,Mailed check,25.15,25.15,3513
Male,No,Yes,Yes,7,No,No phone service,DSL,Yes,Yes,Yes,No,Yes,Yes,Month-to-month,No,Mailed check,58.85,465.7,3332
Male,No,Yes,Yes,60,Yes,No,No,No internet service,No internet service,No internet service,No internet service,No internet service,No internet service,Two year,Yes,Bank transfer (automatic),20.95,1270.55,4425
Male,No,No,No,9,Yes,Yes,Fiber optic,No,No,No,No,Yes,No,Month-to-month,Yes,Electronic check,85.35,758.6,2752
Male,Yes,Yes,No,29,Yes,Yes,DSL,No,No,No,No,No,No,Month-to-month,Yes,Electronic check,51.6,1442.0,5495
Female,No,Yes,Yes,51,Yes,Yes,Fiber optic,No,No,Yes,No,No,Yes,One year,Yes,Electronic check,90.15,4554.85,5692
Male,Yes,No,No,4,No,No phone service,DSL,No,No,No,No,No,No,Month-to-month,Yes,Bank transfer (automatic),25.2,102.5,4694
Female,No,No,No,37,Yes,No,No,No internet service,No internet service,No internet service,No internet service,No internet service,No internet service,Two year,No,Mailed check,19.85,784.25,3408
Female,No,No,No,50,Yes,No,No,No internet service,No internet service,No internet service,No internet service,No internet service,No internet service,One year,No,Bank transfer (automatic),19.75,989.05,4934
Male,No,Yes,Yes,56,No,No phone service,DSL,No,Yes,Yes,No,No,No,One year,Yes,Credit card (automatic),36.1,1971.5,5092
Male,No,Yes,Yes,11,Yes,No,No,No internet service,No internet service,No internet service,No internet service,No internet service,No internet service,Month-to-month,No,Bank transfer (automatic),20.95,267.35,4075
Male,No,Yes,Yes,35,Yes,Yes,Fiber optic,No,Yes,No,No,Yes,No,Month-to-month,Yes,Bank transfer (automatic),89.65,3161.6,2622
Male,No,Yes,No,50,Yes,Yes,Fiber optic,No,Yes,Yes,No,Yes,Yes,Month-to-month,Yes,Bank transfer (automatic),103.85,5017.9,5812
Male,No,No,No,1,Yes,Yes,Fiber optic,No,No,No,No,No,No,Month-to-month,Yes,Electronic check,74.35,74.35,2814
Male,No,Yes,No,51,No,No phone service,DSL,Yes,Yes,Yes,No,Yes,Yes,One year,No,Electronic check,59.3,3014.65,5633
Female,No,No,No,47,Yes,Yes,DSL,Yes,Yes,No,Yes,No,Yes,Two year,No,Mailed check,74.05,3496.3,2831
Female,Yes,No,No,32,Yes,No,DSL,No,Yes,No,Yes,No,No,Month-to-month,No,Bank transfer (automatic),54.65,1830.1,4045
Female,No,Yes,No,67,No,No phone service,DSL,No,Yes,Yes,Yes,Yes,Yes,Two year,Yes,Electronic check,59.55,4103.9,4478
Female,No,Yes,Yes,50,Yes,Yes,DSL,Yes,Yes,Yes,Yes,No,Yes,One year,Yes,Bank transfer (automatic),80.05,4042.2,5823
Male,No,No,No,3,Yes,Yes,Fiber optic,No,No,Yes,No,Yes,Yes,Month-to-month,Yes,Bank transfer (automatic),101.55,298.35,4480
Female,No,No,No,4,Yes,Yes,Fiber optic,No,Yes,Yes,No,No,No,Month-to-month,No,Bank transfer (automatic),84.05,333.55,5552
Female,Yes,Yes,Yes,14,Yes,Yes,Fiber optic,No,No,No,No,Yes,Yes,Month-to-month,Yes,Electronic check,95.8,1346.3,3471
Male,Yes,No,No,39,Yes,Yes,Fiber optic,No,Yes,No,No,No,Yes,Month-to-month,No,Electronic check,90.7,3413.25,5028
Female,No,Yes,No,1,Yes,No,DSL,Yes,Yes,No,No,No,No,Month-to-month,Yes,Mailed check,53.55,53.55,4504
Male,No,Yes,No,24,Yes,Yes,Fiber optic,No,No,Yes,No,Yes,Yes,Month-to-month,Yes,Electronic check,101.05,2391.8,4766
Male,No,Yes,Yes,25,Yes,No,Fiber optic,No,No,No,Yes,Yes,No,Month-to-month,No,Electronic check,85.9,2199.05,3153
Male,No,Yes,No,63,Yes,Yes,DSL,Yes,Yes,Yes,Yes,No,Yes,One year,No,Credit card (automatic),80.0,5040.2,5540
Male,No,Yes,No,5,Yes,Yes,Fiber optic,No,Yes,No,No,No,No,Month-to-month,Yes,Electronic check,81.3,416.3,3819
Female,No,No,No,15,Yes,Yes,DSL,No,No,No,No,No,No,Month-to-month,Yes,Electronic check,49.1,679.55,5209
Male,No,Yes,No,7,Yes,No,DSL,Yes,No,No,No,No,No,One year,Yes,Electronic check,49.75,331.3,5651
Female,No,Yes,Yes,67,Yes,Yes,Fiber optic,Yes,No,No,Yes,Yes,Yes,Two year,No,Credit card (automatic),106.7,7009.5,4780
Female,No,No,No,1,Yes,No,Fiber optic,No,No,No,No,No,No,Month-to-month,Yes,Electronic check,69.2,69.2,2637
Female,No,Yes,Yes,1,Yes,No,No,No internet service,No internet service,No internet service,No internet service,No internet service,No internet service,Month-to-month,Yes,Mailed check,20.5,20.5,2398
Male,No,No,No,10,Yes,No,DSL,No,No,No,No,No,Yes,Month-to-month,Yes,Bank transfer (automatic),56.75,503.25,2037
Male,No,Yes,No,41,Yes,No,No,No internet service,No internet service,No internet service,No internet service,No internet service,No internet service,Two year,Yes,Electronic check,19.75,899.45,2011
Male,No,Yes,Yes,60,Yes,No,DSL,No,Yes,No,Yes,Yes,Yes,Two year,No,Bank transfer (automatic),76.95,4543.95,5053
Male,No,Yes,No,22,Yes,Yes,Fiber optic,No,No,No,No,No,Yes,Month-to-month,Yes,Electronic check,85.1,1873.7,5248
Female,Yes,No,No,8,Yes,No,Fiber optic,No,No,Yes,No,No,No,Month-to-month,Yes,Bank transfer (automatic),74.05,600.15,4899
Female,No,No,No,10,Yes,Yes,Fiber optic,No,Yes,No,No,No,No,Month-to-month,Yes,Bank transfer (automatic),80.05,830.7,3740
Female,Yes,Yes,No,64,Yes,No,Fiber optic,Yes,Yes,Yes,No,No,Yes,One year,No,Bank transfer (automatic),97.0,6430.9,4053
Male,Yes,Yes,No,12,Yes,Yes,Fiber optic,No,Yes,No,No,Yes,Yes,Month-to-month,Yes,Electronic check,101.35,1218.55,3967
Female,No,Yes,No,47,Yes,Yes,DSL,Yes,Yes,No,Yes,Yes,Yes,Two year,Yes,Credit card (automatic),85.3,4107.25,5698
Female,No,Yes,No,24,Yes,No,DSL,No,Yes,No,No,Yes,Yes,Month-to-month,Yes,Bank transfer (automatic),69.45,1614.05,4208
Female,No,Yes,Yes,2,Yes,No,Fiber optic,No,No,No,No,No,No,Month-to-month,Yes,Electronic check,71.65,135.75,3916
Female,No,No,No,27,Yes,Yes,Fiber optic,No,No,No,No,Yes,Yes,Month-to-month,Yes,Bank transfer (automatic),95.6,2595.25,2026
Male,No,No,No,22,No,No phone service,DSL,No,Yes,Yes,No,No,Yes,One year,Yes,Bank transfer (automatic),43.75,903.6,3099
Female,No,Yes,No,72,Yes,Yes,Fiber optic,Yes,Yes,Yes,No,Yes,Yes,Two year,Yes,Credit card (automatic),110.65,8065.65,4259
Male,No,Yes,No,2,Yes,No,DSL,No,Yes,No,Yes,No,Yes,Month-to-month,Yes,Mailed check,64.2,143.65,4369
Male,No,No,No,26,Yes,Yes,Fiber optic,No,No,No,No,No,Yes,Month-to-month,Yes,Electronic check,83.95,2254.2,5869
Male,No,No,No,2,Yes,Yes,Fiber optic,Yes,No,No,No,No,Yes,Month-to-month,No,Mailed check,90.75,174.75,4766
Female,Yes,No,No,1,Yes,No,No,No internet service,No internet service,No internet service,No internet service,No internet service,No internet service,Month-to-month,Yes,Electronic check,19.45,19.45,3848
Male,No,No,No,27,Yes,Yes,DSL,No,No,Yes,Yes,No,No,Month-to-month,No,Electronic check,59.45,1611.65,4818
Male,Yes,No,No,1,Yes,Yes,Fiber optic,No,No,No,No,Yes,Yes,Month-to-month,Yes,Electronic check,94.0,94.0,4176
Male,No,No,No,52,Yes,No,No,No internet service,No internet service,No internet service,No internet service,No internet service,No internet service,Two year,No,Bank transfer (automatic),21.0,1107.2,4158
Female,No,Yes,No,16,Yes,No,Fiber optic,No,Yes,No,No,Yes,Yes,Month-to-month,Yes,Bank transfer (automatic),94.65,1461.15,3050
Female,No,No,No,6,Yes,No,No,No internet service,No internet service,No internet service,No internet service,No internet service,No internet service,Two year,No,Credit card (automatic),19.65,116.85,3945
Male,Yes,No,No,27,Yes,Yes,Fiber optic,No,Yes,No,No,No,No,Month-to-month,Yes,Electronic check,81.45,2122.05,2571
Female,No,Yes,No,23,Yes,No,No,No internet service,No internet service,No internet service,No internet service,No internet service,No internet service,One year,No,Mailed check,20.05,415.1,3742
Male,No,No,Yes,1,Yes,No,No,No internet service,No internet service,No internet service,No internet service,No internet service,No internet service,Month-to-month,No,Mailed check,19.55,19.55,5272
Male,No,No,Yes,32,Yes,No,No,No internet service,No internet service,No internet service,No internet service,No internet service,No internet service,Two year,No,Mailed check,20.5,696.8,3114
Female,No,Yes,No,71,Yes,Yes,No,No internet service,No internet service,No internet service,No internet service,No internet service,No internet service,Two year,Yes,Credit card (automatic),25.95,1801.9,5072
Female,No,No,No,17,Yes,No,No,No internet service,No internet service,No internet service,No internet service,No internet service,No internet service,Two year,No,Mailed check,19.4,358.05,3561
Female,Yes,No,No,47,Yes,Yes,Fiber optic,No,Yes,Yes,No,No,No,Month-to-month,Yes,Bank transfer (automatic),85.2,3969.35,4661
Male,No,No,No,30,Yes,Yes,Fiber optic,Yes,Yes,Yes,No,No,No,One year,No,Bank transfer (automatic),90.4,2820.65,3171
Male,No,Yes,No,8,Yes,No,Fiber optic,Yes,No,No,No,No,No,Month-to-month,No,Electronic check,75.0,632.95,2587
Female,No,Yes,Yes,33,Yes,No,No,No internet service,No internet service,No internet service,No internet service,No internet service,No internet service,Two year,No,Credit card (automatic),19.8,641.35,2635
Female,No,Yes,No,13,Yes,No,Fiber optic,No,No,No,No,Yes,Yes,Month-to-month,No,Electronic check,88.35,1222.8,3740
Male,No,No,No,5,Yes,No,Fiber optic,No,Yes,No,No,No,No,Month-to-month,Yes,Electronic check,74.65,383.65,3319
Male,No,No,No,1,Yes,No,No,No internet service,No internet service,No internet service,No internet service,No internet service,No internet service,Month-to-month,No,Mailed check,20.0,20.0,5650
Female,No,Yes,No,72,No,No phone service,DSL,Yes,Yes,Yes,Yes,Yes,Yes,Two year,Yes,Credit card (automatic),65.2,4784.45,5092
Female,Yes,No,No,15,Yes,Yes,DSL,No,No,No,Yes,No,No,Month-to-month,No,Credit card (automatic),55.0,757.1,3167
Male,No,No,No,1,Yes,No,Fiber optic,No,No,No,No,No,No,Month-to-month,Yes,Electronic check,69.35,69.35,2843
Male,No,No,No,41,Yes,No,Fiber optic,No,Yes,No,Yes,Yes,No,One year,Yes,Electronic check,89.55,3729.75,5549
Female,Yes,No,No,71,Yes,Yes,Fiber optic,Yes,Yes,No,Yes,Yes,No,One year,Yes,Credit card (automatic),99.65,7181.25,5448
Female,No,No,No,2,Yes,No,DSL,No,No,No,No,No,No,Month-to-month,Yes,Mailed check,45.25,74.2,5441
Male,No,No,No,10,Yes,No,DSL,No,No,No,No,No,No,Month-to-month,Yes,Electronic check,45.55,402.6,4097
Male,No,Yes,No,56,Yes,Yes,Fiber optic,Yes,Yes,Yes,No,No,No,One year,Yes,Electronic check,93.15,5253.95,4778
Female,Yes,No,No,1,Yes,No,Fiber optic,No,No,No,No,No,No,Month-to-month,Yes,Electronic check,69.95,69.95,3208
Female,No,Yes,Yes,64,Yes,Yes,DSL,Yes,Yes,Yes,Yes,Yes,Yes,Two year,Yes,Mailed check,90.6,5817.45,5240
Male,Yes,Yes,No,63,Yes,Yes,Fiber optic,Yes,Yes,Yes,No,Yes,Yes,Two year,No,Credit card (automatic),108.5,6991.9,6453
Male,No,No,No,1,Yes,No,No,No internet service,No internet service,No internet service,No internet service,No internet service,No internet service,Month-to-month,No,Credit card (automatic),19.3,19.3,5626
Female,Yes,No,No,16,Yes,Yes,DSL,Yes,No,No,No,No,No,Month-to-month,Yes,Electronic check,54.1,889.0,2276
Female,No,Yes,Yes,26,Yes,No,Fiber optic,Yes,Yes,No,No,No,No,Month-to-month,No,Electronic check,81.95,2070.05,2817
Male,No,Yes,No,71,Yes,Yes,DSL,Yes,Yes,No,Yes,No,No,Two year,No,Bank transfer (automatic),65.15,4681.75,4384
Male,No,Yes,No,68,Yes,Yes,DSL,Yes,Yes,Yes,Yes,Yes,Yes,Two year,Yes,Credit card (automatic),88.85,6132.7,5228
Male,No,No,No,19,Yes,Yes,DSL,No,No,Yes,Yes,No,No,Month-to-month,No,Electronic check,59.55,1144.6,3949
Female,No,No,No,48,Yes,Yes,No,No internet service,No internet service,No internet service,No internet service,No internet service,No internet service,One year,No,Bank transfer (automatic),24.55,1203.95,5517
Male,No,Yes,No,71,Yes,Yes,DSL,Yes,Yes,Yes,Yes,Yes,Yes,Two year,No,Bank transfer (automatic),90.55,6404.0,5007
Male,Yes,Yes,Yes,72,Yes,Yes,Fiber optic,Yes,Yes,Yes,Yes,Yes,Yes,Two year,Yes,Credit card (automatic),115.75,8399.15,5168
Male,No,No,No,17,Yes,Yes,Fiber optic,Yes,Yes,Yes,Yes,Yes,No,Month-to-month,Yes,Bank transfer (automatic),106.65,1672.1,2754
Male,No,Yes,Yes,39,Yes,Yes,No,No internet service,No internet service,No internet service,No internet service,No internet service,No internet service,Two year,No,Mailed check,25.2,987.95,5453
Female,No,No,No,13,Yes,No,No,No internet service,No internet service,No internet service,No internet service,No internet service,No internet service,One year,No,Mailed check,20.2,273.25,2953
Male,No,No,No,47,Yes,Yes,Fiber optic,No,Yes,Yes,No,Yes,Yes,One year,Yes,Electronic check,103.1,4889.3,5029
Male,No,No,No,35,Yes,No,No,No internet service,No internet service,No internet service,No internet service,No internet service,No internet service,Two year,No,Bank transfer (automatic),21.45,705.45,3967
Male,No,No,No,9,Yes,No,Fiber optic,No,No,Yes,No,Yes,Yes,Month-to-month,Yes,Electronic check,94.05,811.65,3475
Male,No,No,No,54,Yes,Yes,Fiber optic,Yes,Yes,No,Yes,Yes,Yes,Two year,Yes,Credit card (automatic),108.0,5760.65,6370
Female,No,Yes,Yes,72,Yes,Yes,DSL,Yes,Yes,Yes,Yes,Yes,Yes,Two year,No,Credit card (automatic),89.75,6595.9,5096
Male,No,No,Yes,71,Yes,Yes,Fiber optic,Yes,Yes,No,No,No,No,One year,Yes,Credit card (automatic),85.45,6028.95,4777
Female,No,No,No,49,Yes,No,DSL,No,No,Yes,Yes,Yes,Yes,Two year,Yes,Bank transfer (automatic),74.45,3721.9,4517
Female,Yes,Yes,No,54,Yes,No,No,No internet service,No internet service,No internet service,No internet service,No internet service,No internet service,Two year,Yes,Mailed check,18.95,1031.1,5548
Male,Yes,No,No,19,Yes,No,Fiber optic,Yes,No,No,No,No,Yes,Month-to-month,Yes,Electronic check,87.3,1637.3,4447
Female,No,Yes,No,72,Yes,Yes,DSL,Yes,Yes,Yes,Yes,Yes,Yes,Two year,Yes,Electronic check,92.4,6786.1,5527
Male,No,No,No,24,Yes,Yes,Fiber optic,No,No,Yes,No,Yes,No,Month-to-month,Yes,Mailed check,89.85,2165.05,2050
Male,No,No,No,3,No,No phone service,DSL,Yes,No,Yes,Yes,No,No,Month-to-month,No,Mailed check,41.35,107.25,5534
Female,No,Yes,No,1,Yes,No,No,No internet service,No internet service,No internet service,No internet service,No internet service,No internet service,Month-to-month,Yes,Bank transfer (automatic),20.3,20.3,4215
Male,No,No,No,11,Yes,No,DSL,No,No,No,No,No,No,Month-to-month,No,Credit card (automatic),45.2,492.0,5253
Female,No,No,No,58,Yes,Yes,No,No internet service,No internet service,No internet service,No internet service,No internet service,No internet service,Two year,Yes,Credit card (automatic),24.7,1519.0,5138
Male,No,No,No,2,Yes,No,No,No internet service,No internet service,No internet service,No internet service,No internet service,No internet service,Month-to-month,No,Mailed check,20.0,32.7,3922
Male,No,No,No,72,No,No phone service,DSL,Yes,Yes,Yes,Yes,Yes,Yes,Two year,Yes,Bank transfer (automatic),65.55,4807.45,4266
Male,No,Yes,No,60,Yes,Yes,Fiber optic,No,Yes,Yes,No,Yes,No,Month-to-month,Yes,Electronic check,95.75,5742.9,4129
Female,Yes,Yes,No,72,Yes,Yes,Fiber optic,Yes,No,No,No,No,No,Two year,No,Bank transfer (automatic),78.5,5602.25,6072
Female,No,No,No,4,Yes,Yes,Fiber optic,No,No,No,No,No,No,Month-to-month,Yes,Electronic check,75.65,302.35,5396
Female,Yes,No,No,1,Yes,Yes,Fiber optic,No,No,No,No,No,No,Month-to-month,Yes,Mailed check,74.45,74.45,4291
Male,No,No,No,10,Yes,No,Fiber optic,No,No,No,No,Yes,Yes,Month-to-month,Yes,Electronic check,89.5,863.1,4206
Male,Yes,No,No,37,Yes,Yes,Fiber optic,No,No,Yes,No,Yes,Yes,Month-to-month,Yes,Electronic check,101.1,3744.05,4424
Male,No,Yes,No,4,No,No phone service,DSL,No,Yes,No,No,Yes,Yes,Month-to-month,Yes,Electronic check,48.55,201.0,3955
Male,No,No,No,2,Yes,Yes,Fiber optic,No,No,No,No,No,No,Month-to-month,Yes,Credit card (automatic),73.25,131.05,2919
Female,Yes,Yes,No,1,Yes,No,No,No internet service,No internet service,No internet service,No internet service,No internet service,No internet service,Month-to-month,Yes,Mailed check,20.85,20.85,3817
Female,No,Yes,No,29,Yes,Yes,Fiber optic,No,No,No,No,No,No,Month-to-month,Yes,Electronic check,74.95,2149.05,3483
Male,No,No,No,33,Yes,No,Fiber optic,Yes,No,No,Yes,Yes,No,Two year,Yes,Electronic check,88.95,3027.65,5087
Female,Yes,No,No,59,Yes,Yes,Fiber optic,No,No,Yes,No,Yes,Yes,One year,Yes,Electronic check,99.5,5890.0,5513
Male,No,Yes,No,5,Yes,Yes,Fiber optic,Yes,No,No,No,No,Yes,Month-to-month,Yes,Electronic check,89.15,413.25,2576
Female,Yes,No,No,14,Yes,Yes,Fiber optic,No,Yes,No,No,No,No,Month-to-month,Yes,Electronic check,78.95,1101.85,5203
Male,Yes,Yes,No,8,Yes,No,Fiber optic,No,No,No,No,Yes,No,Month-to-month,Yes,Credit card (automatic),80.45,583.45,3443
Male,No,No,No,47,Yes,No,No,No internet service,No internet service,No internet service,No internet service,No internet service,No internet service,One year,No,Credit card (automatic),20.55,1013.05,3313
Female,No,Yes,No,17,Yes,Yes,Fiber optic,No,No,Yes,No,Yes,No,Month-to-month,No,Electronic check,88.25,1460.65,4041
Male,No,Yes,No,72,Yes,Yes,Fiber optic,No,Yes,Yes,No,Yes,Yes,Two year,Yes,Electronic check,103.4,7372.65,5055
Male,No,No,No,2,No,No phone service,DSL,No,No,No,No,No,No,Month-to-month,Yes,Electronic check,25.05,56.35,4810
Male,No,Yes,No,60,Yes,Yes,Fiber optic,No,Yes,Yes,No,Yes,Yes,One year,No,Bank transfer (automatic),102.5,6157.6,4968
Male,Yes,No,No,18,Yes,Yes,Fiber optic,No,Yes,No,No,No,No,Month-to-month,Yes,Credit card (automatic),80.55,1411.65,5137
Male,No,No,No,25,Yes,No,Fiber optic,Yes,No,No,No,No,No,Month-to-month,No,Bank transfer (automatic),74.3,1952.25,4815
Female,No,Yes,No,71,Yes,Yes,DSL,Yes,Yes,Yes,Yes,Yes,Yes,Two year,No,Bank transfer (automatic),87.95,6365.35,4278
Male,No,No,No,1,Yes,No,No,No internet service,No internet service,No internet service,No internet service,No internet service,No internet service,Month-to-month,No,Mailed check,21.1,21.1,2810
Female,No,Yes,Yes,71,Yes,No,No,No internet service,No internet service,No internet service,No internet service,No internet service,No internet service,Two year,No,Credit card (automatic),19.7,1415.85,5921
Male,Yes,No,No,67,Yes,Yes,Fiber optic,No,No,No,No,No,No,Month-to-month,Yes,Mailed check,75.7,5060.85,5823
Female,Yes,Yes,No,72,Yes,Yes,Fiber optic,Yes,Yes,Yes,Yes,Yes,Yes,Two year,Yes,Credit card (automatic),115.75,8443.7,6205
Female,No,No,No,41,No,No phone service,DSL,No,Yes,No,No,No,Yes,Month-to-month,Yes,Electronic check,40.35,1677.85,2454
Male,No,No,No,24,Yes,Yes,Fiber optic,No,Yes,No,No,Yes,No,Month-to-month,Yes,Credit card (automatic),90.55,2282.55,5927
Male,No,No,Yes,54,Yes,Yes,DSL,No,Yes,No,No,No,No,Month-to-month,Yes,Credit card (automatic),55.0,3092.65,5282
Female,No,Yes,No,23,No,No phone service,DSL,Yes,No,No,Yes,No,No,Two year,No,Mailed check,34.6,813.45,4445
Male,No,Yes,Yes,13,Yes,No,DSL,No,No,No,No,Yes,Yes,One year,Yes,Electronic check,64.75,877.35,4741
Female,No,No,No,65,Yes,Yes,Fiber optic,No,Yes,Yes,No,Yes,No,One year,Yes,Electronic check,95.5,6153.85,6153
Male,No,Yes,Yes,55,Yes,No,No,No internet service,No internet service,No internet service,No internet service,No internet service,No internet service,Two year,No,Mailed check,20.5,1177.95,5011
Male,No,No,No,44,Yes,No,No,No internet service,No internet service,No internet service,No internet service,No internet service,No internet service,One year,No,Credit card (automatic),19.5,835.5,4220
Female,No,Yes,No,68,No,No phone service,DSL,Yes,No,Yes,No,Yes,Yes,One year,Yes,Electronic check,54.4,3723.65,4897
Female,No,No,No,15,Yes,Yes,DSL,No,No,No,No,No,No,Month-to-month,No,Mailed check,48.85,631.4,3762
Male,No,Yes,No,13,Yes,No,Fiber optic,Yes,No,No,No,No,Yes,Month-to-month,No,Electronic check,84.05,1095.3,4745
Male,No,Yes,Yes,33,Yes,No,No,No internet service,No internet service,No internet service,No internet service,No internet service,No internet service,One year,Yes,Bank transfer (automatic),19.45,600.25,3470
Male,No,No,No,1,Yes,No,DSL,No,Yes,No,No,No,No,Month-to-month,Yes,Mailed check,50.15,50.15,4014
Male,No,Yes,No,25,Yes,Yes,DSL,No,No,Yes,No,No,No,Month-to-month,No,Credit card (automatic),55.55,1405.3,2950
Female,No,No,No,11,Yes,No,Fiber optic,No,Yes,Yes,Yes,No,Yes,Month-to-month,Yes,Electronic check,94.2,999.9,2405
Male,No,Yes,No,5,Yes,Yes,Fiber optic,No,Yes,No,No,No,No,Month-to-month,Yes,Electronic check,78.75,412.1,3401
Female,No,Yes,Yes,52,Yes,No,No,No internet service,No internet service,No internet service,No internet service,No internet service,No internet service,Two year,No,Bank transfer (automatic),20.1,1078.75,4529
Female,Yes,Yes,No,21,Yes,Yes,DSL,No,Yes,Yes,No,No,Yes,One year,No,Bank transfer (automatic),71.7,1497.05,2784
Male,No,No,No,39,Yes,Yes,Fiber optic,Yes,Yes,No,No,Yes,Yes,Month-to-month,Yes,Electronic check,106.4,4040.65,4111
Male,No,No,No,2,Yes,No,No,No internet service,No internet service,No internet service,No internet service,No internet service,No internet service,Month-to-month,Yes,Credit card (automatic),19.9,33.7,5824
Female,No,No,No,41,Yes,No,Fiber optic,No,No,No,No,No,No,Month-to-month,No,Bank transfer (automatic),70.25,2868.05,3407
Female,No,Yes,Yes,5,Yes,Yes,No,No internet service,No internet service,No internet service,No internet service,No internet service,No internet service,Month-to-month,Yes,Mailed check,24.3,132.25,3181
Male,No,No,No,24,Yes,Yes,Fiber optic,No,Yes,No,No,No,No,Month-to-month,Yes,Electronic check,80.25,1861.5,4418
Male,No,No,No,1,Yes,No,No,No internet service,No internet service,No internet service,No internet service,No internet service,No internet service,Month-to-month,No,Mailed check,20.2,20.2,5418
Female,No,No,No,7,Yes,No,Fiber optic,No,No,No,No,Yes,No,Month-to-month,Yes,Electronic check,79.0,522.95,3735
Female,No,No,No,40,Yes,Yes,Fiber optic,No,Yes,Yes,No,Yes,No,Month-to-month,Yes,Bank transfer (automatic),93.4,3756.4,3819
Male,No,Yes,No,19,Yes,No,Fiber optic,No,Yes,No,Yes,Yes,Yes,One year,No,Bank transfer (automatic),100.0,1888.65,2608
Male,No,No,No,23,Yes,No,No,No internet service,No internet service,No internet service,No internet service,No internet service,No internet service,One year,No,Mailed check,20.45,481.1,3434
Female,No,No,No,1,Yes,No,DSL,No,No,No,No,No,No,Month-to-month,Yes,Mailed check,45.3,45.3,3049
Female,No,No,No,15,No,No phone service,DSL,No,Yes,No,No,No,Yes,Two year,Yes,Mailed check,38.8,603.0,2118
Male,Yes,No,No,1,Yes,Yes,Fiber optic,No,No,Yes,No,Yes,No,Month-to-month,Yes,Electronic check,88.8,88.8,3106
Male,Yes,No,No,63,Yes,Yes,Fiber optic,Yes,Yes,Yes,No,Yes,Yes,Month-to-month,Yes,Bank transfer (automatic),109.4,7031.45,5961
Male,No,No,No,1,Yes,No,Fiber optic,No,Yes,No,No,No,No,Month-to-month,Yes,Electronic check,74.35,74.35,5633
Male,No,No,No,4,Yes,No,DSL,No,No,No,No,No,No,Month-to-month,No,Mailed check,44.55,220.75,2124
Female,No,Yes,No,42,Yes,No,Fiber optic,No,No,No,No,Yes,No,Month-to-month,Yes,Credit card (automatic),77.95,3384.0,5396
Female,No,Yes,No,27,Yes,No,DSL,Yes,Yes,Yes,Yes,No,No,One year,No,Mailed check,66.15,1874.45,3213
Male,No,Yes,Yes,71,Yes,Yes,Fiber optic,Yes,Yes,Yes,Yes,Yes,Yes,Two year,Yes,Bank transfer (automatic),116.05,8297.5,6481
Male,Yes,Yes,No,7,Yes,Yes,Fiber optic,Yes,Yes,No,No,No,Yes,Month-to-month,Yes,Credit card (automatic),94.7,673.1,3591
Female,No,No,No,20,Yes,No,No,No internet service,No internet service,No internet service,No internet service,No internet service,No internet service,Month-to-month,Yes,Bank transfer (automatic),19.5,413.0,5409
Male,No,No,No,44,Yes,No,Fiber optic,No,Yes,No,Yes,Yes,Yes,Month-to-month,No,Electronic check,100.55,4398.15,3486
Female,No,Yes,No,52,Yes,No,No,No internet service,No internet service,No internet service,No internet service,No internet service,No internet service,One year,No,Credit card (automatic),19.6,1012.4,4848
Female,No,Yes,No,7,Yes,No,Fiber optic,No,No,Yes,No,Yes,No,Month-to-month,Yes,Electronic check,86.25,587.1,3344
Male,No,Yes,Yes,56,Yes,Yes,Fiber optic,No,Yes,No,Yes,Yes,No,Month-to-month,Yes,Credit card (automatic),96.95,5432.2,6484
Male,Yes,Yes,No,28,Yes,Yes,Fiber optic,No,Yes,No,Yes,Yes,Yes,Month-to-month,Yes,Electronic check,105.8,2998.0,4174
Female,No,Yes,Yes,54,Yes,No,No,No internet service,No internet service,No internet service,No internet service,No internet service,No internet service,Two year,Yes,Bank transfer (automatic),20.35,1092.35,5646
Male,No,Yes,No,72,No,No phone service,DSL,Yes,Yes,Yes,Yes,Yes,Yes,Two year,Yes,Credit card (automatic),65.1,4754.3,4969
Female,No,No,No,39,Yes,No,No,No internet service,No internet service,No internet service,No internet service,No internet service,No internet service,Two year,No,Credit card (automatic),20.7,762.45,3733
Female,No,No,No,12,Yes,No,No,No internet service,No internet service,No internet service,No internet service,No internet service,No internet service,One year,No,Electronic check,20.15,260.7,4628
Female,No,No,No,52,Yes,Yes,DSL,Yes,No,Yes,Yes,Yes,No,One year,No,Credit card (automatic),74.0,3877.65,5806
Female,No,Yes,Yes,7,Yes,Yes,DSL,No,No,No,No,No,No,Month-to-month,No,Electronic check,48.8,349.8,4785
Male,No,Yes,Yes,31,Yes,Yes,No,No internet service,No internet service,No internet service,No internet service,No internet service,No internet service,Two year,No,Mailed check,25.75,755.6,5472
Male,No,Yes,Yes,24,Yes,No,DSL,Yes,No,Yes,No,No,No,One year,Yes,Credit card (automatic),56.25,1454.25,3607
Female,No,Yes,No,3,Yes,Yes,Fiber optic,No,No,No,No,No,No,Month-to-month,Yes,Credit card (automatic),74.1,228.0,5657
Female,No,No,No,47,Yes,No,No,No internet service,No internet service,No internet service,No internet service,No internet service,No internet service,Two year,Yes,Mailed check,20.55,945.7,5404
Male,Yes,Yes,Yes,28,Yes,Yes,DSL,No,No,No,No,No,No,One year,Yes,Electronic check,51.0,1381.8,5195
Female,Yes,Yes,No,32,Yes,Yes,Fiber optic,No,No,Yes,No,No,No,Month-to-month,No,Mailed check,79.3,2570.0,5242
Male,No,No,No,34,Yes,Yes,Fiber optic,No,Yes,No,Yes,Yes,Yes,Month-to-month,Yes,Electronic check,105.35,3540.65,5503
Male,No,Yes,No,3,Yes,No,DSL,No,No,Yes,No,No,No,Month-to-month,Yes,Electronic check,50.15,168.15,3273
Male,No,No,No,10,Yes,Yes,Fiber optic,No,Yes,No,No,No,No,Month-to-month,No,Electronic check,79.85,797.25,5739
Male,No,No,Yes,66,Yes,Yes,DSL,Yes,Yes,No,Yes,No,No,Two year,No,Bank transfer (automatic),65.7,4378.9,5058
Male,Yes,No,No,1,Yes,No,DSL,No,No,No,No,No,No,Month-to-month,No,Bank transfer (automatic),45.25,45.25,3144
Female,No,Yes,Yes,49,Yes,Yes,DSL,No,Yes,No,Yes,Yes,Yes,Two year,No,Bank transfer (automatic),79.3,3902.45,6366
Male,No,Yes,Yes,1,Yes,No,No,No internet service,No internet service,No internet service,No internet service,No internet service,No internet service,Month-to-month,Yes,Bank transfer (automatic),20.15,20.15,3960
Male,Yes,Yes,No,7,Yes,No,Fiber optic,No,No,No,No,Yes,Yes,Month-to-month,Yes,Electronic check,89.5,676.7,3077
Male,No,Yes,No,3,Yes,No,No,No internet service,No internet service,No internet service,No internet service,No internet service,No internet service,Month-to-month,No,Bank transfer (automatic),20.0,49.65,3985
Male,Yes,Yes,No,34,Yes,No,Fiber optic,Yes,No,No,Yes,Yes,No,One year,No,Mailed check,90.15,3128.8,3202
Female,No,Yes,Yes,72,Yes,No,DSL,Yes,Yes,Yes,Yes,Yes,Yes,Two year,No,Bank transfer (automatic),85.3,6129.2,4456
Male,No,No,No,3,Yes,No,DSL,Yes,No,Yes,No,Yes,Yes,Month-to-month,Yes,Electronic check,77.4,206.15,5528
Female,No,No,No,18,Yes,No,Fiber optic,No,No,No,No,No,No,Month-to-month,Yes,Electronic check,71.1,1247.75,4911
Male,No,Yes,Yes,67,Yes,No,DSL,Yes,Yes,No,Yes,No,No,One year,No,Mailed check,60.05,3994.05,6148
Male,No,Yes,No,44,Yes,Yes,No,No internet service,No internet service,No internet service,No internet service,No internet service,No internet service,One year,No,Mailed check,25.7,1110.5,3037
Female,No,Yes,No,7,Yes,No,Fiber optic,No,No,No,No,No,No,Month-to-month,Yes,Bank transfer (automatic),69.2,477.55,2551
Male,Yes,Yes,No,52,Yes,No,Fiber optic,Yes,No,Yes,Yes,Yes,Yes,One year,Yes,Bank transfer (automatic),104.45,5481.25,5490
Male,No,No,No,16,Yes,No,Fiber optic,No,No,No,No,No,No,Month-to-month,Yes,Credit card (automatic),69.95,1205.5,5596
Male,No,Yes,No,8,Yes,No,DSL,No,Yes,Yes,No,No,No,Month-to-month,Yes,Mailed check,54.75,445.85,4099
Male,No,No,No,7,Yes,No,DSL,No,No,Yes,Yes,Yes,No,Month-to-month,No,Bank transfer (automatic),64.3,445.95,4010
Male,No,Yes,Yes,72,Yes,No,No,No internet service,No internet service,No internet service,No internet service,No internet service,No internet service,Two year,Yes,Credit card (automatic),19.8,1414.65,5027
Male,Yes,Yes,No,7,No,No phone service,DSL,Yes,No,No,No,No,No,Month-to-month,No,Bank transfer (automatic),29.8,220.45,2587
Male,No,No,No,21,Yes,No,No,No internet service,No internet service,No internet service,No internet service,No internet service,No internet service,One year,Yes,Mailed check,20.35,422.7,3721
Male,Yes,No,No,35,Yes,No,DSL,No,No,Yes,Yes,Yes,Yes,One year,Yes,Electronic check,73.0,2471.25,2715
Female,No,Yes,Yes,60,No,No phone service,DSL,No,Yes,No,No,Yes,Yes,Month-to-month,Yes,Electronic check,49.75,3069.45,6307
Male,Yes,No,No,8,Yes,Yes,Fiber optic,No,No,Yes,No,Yes,Yes,Month-to-month,Yes,Electronic check,100.6,819.4,5906
Male,No,No,No,2,Yes,No,Fiber optic,No,No,No,No,No,No,Month-to-month,Yes,Electronic check,69.8,146.65,3527
Female,No,Yes,Yes,12,No,No phone service,DSL,No,No,No,Yes,No,No,One year,No,Credit card (automatic),30.25,368.85,5988
Male,No,No,No,3,No,No phone service,DSL,No,Yes,No,No,No,No,Month-to-month,Yes,Electronic check,29.6,79.45,2734
Female,No,Yes,No,72,Yes,No,DSL,Yes,Yes,Yes,No,Yes,No,Two year,Yes,Credit card (automatic),70.65,5011.15,5176
Female,No,No,No,52,Yes,Yes,Fiber optic,Yes,Yes,No,Yes,Yes,Yes,One year,Yes,Credit card (automatic),111.25,5916.45,4861
Male,No,No,No,46,Yes,No,No,No internet service,No internet service,No internet service,No internet service,No internet service,No internet service,Two year,No,Credit card (automatic),19.2,908.15,2776
Female,No,Yes,No,12,Yes,Yes,DSL,Yes,No,Yes,No,Yes,Yes,One year,No,Electronic check,78.85,876.75,2495
Female,No,No,No,37,Yes,Yes,Fiber optic,No,No,No,Yes,Yes,Yes,Month-to-month,No,Credit card (automatic),100.3,3541.4,4040
Male,No,No,No,42,Yes,No,No,No internet service,No internet service,No internet service,No internet service,No internet service,No internet service,One year,No,Bank transfer (automatic),19.8,849.9,3575
Male,No,No,No,58,Yes,Yes,Fiber optic,No,No,No,Yes,No,No,Month-to-month,No,Bank transfer (automatic),80.65,4807.35,6043
Male,No,No,No,12,Yes,No,No,No internet service,No internet service,No internet service,No internet service,No internet service,No internet service,One year,No,Credit card (automatic),20.05,267.0,4018
Male,No,Yes,Yes,68,Yes,No,No,No internet service,No internet service,No internet service,No internet service,No internet service,No internet service,Two year,No,Bank transfer (automatic),19.95,1377.7,4165
Male,No,No,No,1,Yes,No,DSL,No,No,No,No,No,No,Month-to-month,No,Mailed check,46.3,46.3,3017
Female,No,Yes,Yes,44,Yes,No,DSL,Yes,No,No,Yes,No,No,Month-to-month,No,Bank transfer (automatic),56.25,2419.55,3918
Female,Yes,Yes,No,71,Yes,No,Fiber optic,Yes,Yes,Yes,Yes,Yes,Yes,Two year,Yes,Bank transfer (automatic),109.7,7904.25,5011
Male,No,No,No,29,No,No phone service,DSL,No,Yes,No,Yes,No,No,Month-to-month,No,Electronic check,34.3,1004.75,2555
Male,No,No,No,34,Yes,Yes,No,No internet service,No internet service,No internet service,No internet service,No internet service,No internet service,Two year,No,Bank transfer (automatic),26.1,980.35,2026
Male,No,Yes,Yes,6,Yes,No,Fiber optic,No,Yes,Yes,No,No,Yes,Month-to-month,Yes,Electronic check,91.0,531.0,2283
Female,Yes,Yes,No,62,Yes,Yes,Fiber optic,No,Yes,Yes,No,Yes,No,One year,Yes,Credit card (automatic),97.95,5936.55,5428
Female,Yes,No,No,22,Yes,No,No,No internet service,No internet service,No internet service,No internet service,No internet service,No internet service,One year,Yes,Mailed check,20.05,417.0,4327
Female,Yes,Yes,No,66,Yes,Yes,Fiber optic,No,Yes,Yes,No,Yes,Yes,One year,No,Credit card (automatic),104.6,6819.45,5722
Male,No,No,Yes,1,No,No phone service,DSL,No,Yes,No,Yes,No,No,Month-to-month,No,Mailed check,33.6,33.6,4369
Male,No,Yes,No,50,Yes,Yes,Fiber optic,Yes,No,Yes,No,Yes,Yes,Month-to-month,No,Credit card (automatic),105.95,5341.8,5536
Male,No,Yes,No,66,Yes,Yes,Fiber optic,Yes,Yes,Yes,Yes,No,No,Two year,No,Mailed check,96.6,6424.25,4454
Male,No,Yes,No,72,Yes,Yes,Fiber optic,Yes,Yes,Yes,Yes,Yes,Yes,Two year,No,Bank transfer (automatic),115.15,8349.45,5398
Male,No,No,Yes,27,Yes,No,No,No internet service,No internet service,No internet service,No internet service,No internet service,No internet service,Month-to-month,No,Mailed check,19.15,537.35,4004
Male,No,No,Yes,7,Yes,No,No,No internet service,No internet service,No internet service,No internet service,No internet service,No internet service,One year,No,Mailed check,19.45,136.75,5084
Male,No,No,No,14,Yes,Yes,DSL,No,Yes,No,No,No,No,Month-to-month,Yes,Credit card (automatic),55.5,767.55,3520
Male,No,No,No,26,No,No phone service,DSL,No,No,Yes,Yes,No,No,Month-to-month,No,Electronic check,35.75,1022.5,2734
Female,No,No,No,11,Yes,Yes,Fiber optic,No,No,No,No,No,No,Month-to-month,No,Electronic check,75.25,888.65,5902
Female,No,Yes,No,33,No,No phone service,DSL,Yes,No,Yes,Yes,Yes,Yes,Two year,No,Bank transfer (automatic),59.55,2016.3,5980
Male,No,Yes,Yes,47,Yes,Yes,DSL,Yes,Yes,Yes,Yes,Yes,Yes,Two year,Yes,Mailed check,90.5,4318.35,3413
Female,No,No,No,1,Yes,No,No,No internet service,No internet service,No internet service,No internet service,No internet service,No internet service,Month-to-month,Yes,Mailed check,19.1,19.1,5890
Male,No,No,No,15,Yes,Yes,DSL,No,No,No,No,No,No,Month-to-month,No,Electronic check,51.55,765.5,2087
Male,Yes,Yes,No,66,Yes,Yes,Fiber optic,No,Yes,Yes,Yes,Yes,Yes,One year,Yes,Electronic check,108.45,7076.35,4582
Male,No,Yes,Yes,36,Yes,Yes,No,No internet service,No internet service,No internet service,No internet service,No internet service,No internet service,Two year,No,Credit card (automatic),25.1,930.95,3040
Male,No,Yes,Yes,45,Yes,Yes,Fiber optic,No,Yes,Yes,No,No,Yes,Month-to-month,Yes,Bank transfer (automatic),95.95,4456.65,5322
Female,No,No,No,24,Yes,Yes,Fiber optic,No,Yes,Yes,No,Yes,Yes,Month-to-month,Yes,Electronic check,104.15,2494.65,5813
Female,Yes,No,No,3,Yes,No,Fiber optic,No,No,Yes,No,No,No,Month-to-month,No,Electronic check,73.85,196.4,2868
Female,No,Yes,Yes,61,Yes,Yes,Fiber optic,Yes,Yes,Yes,Yes,Yes,Yes,Two year,No,Credit card (automatic),115.1,7008.15,6090
Female,No,Yes,Yes,34,Yes,Yes,No,No internet service,No internet service,No internet service,No internet service,No internet service,No internet service,One year,Yes,Credit card (automatic),25.6,917.15,5854
Female,No,Yes,No,68,Yes,Yes,DSL,Yes,Yes,Yes,Yes,No,No,Two year,No,Credit card (automatic),70.9,4911.35,4114
Male,No,No,No,16,Yes,No,Fiber optic,No,No,No,Yes,No,No,Month-to-month,Yes,Credit card (automatic),74.55,1170.5,2893
Male,Yes,Yes,No,32,Yes,No,Fiber optic,No,No,No,No,No,Yes,Month-to-month,Yes,Credit card (automatic),80.3,2483.05,5365
Female,No,Yes,Yes,26,No,No phone service,DSL,Yes,Yes,No,Yes,No,No,Month-to-month,No,Credit card (automatic),38.85,1025.15,3970
Female,No,Yes,Yes,36,Yes,No,No,No internet service,No internet service,No internet service,No internet service,No internet service,No internet service,Month-to-month,No,Bank transfer (automatic),19.2,702.9,3043
Female,No,No,No,3,Yes,No,No,No internet service,No internet service,No internet service,No internet service,No internet service,No internet service,One year,No,Mailed check,20.25,71.2,4331
Male,Yes,No,No,8,Yes,No,Fiber optic,Yes,No,No,Yes,Yes,Yes,Month-to-month,No,Credit card (automatic),100.3,832.35,5084
Female,No,Yes,No,37,Yes,Yes,DSL,Yes,No,Yes,Yes,No,No,One year,No,Credit card (automatic),68.1,2479.25,2873
Male,No,No,No,1,Yes,No,No,No internet service,No internet service,No internet service,No internet service,No internet service,No internet service,Two year,No,Mailed check,20.45,20.45,5925
Male,No,Yes,Yes,68,No,No phone service,DSL,Yes,Yes,Yes,Yes,No,Yes,Two year,Yes,Mailed check,56.4,3948.45,4556
Male,No,No,No,25,Yes,Yes,Fiber optic,No,No,No,No,No,Yes,Month-to-month,Yes,Electronic check,84.8,2043.45,4203
Female,No,Yes,No,17,Yes,Yes,DSL,No,Yes,No,No,Yes,Yes,Month-to-month,Yes,Bank transfer (automatic),75.4,1322.55,4852
Male,No,Yes,No,67,Yes,Yes,Fiber optic,No,Yes,Yes,No,Yes,Yes,One year,No,Electronic check,104.1,7040.85,4857
Female,Yes,No,No,5,No,No phone service,DSL,No,Yes,No,No,No,No,Month-to-month,No,Electronic check,28.45,131.05,4099
Male,Yes,Yes,No,57,Yes,Yes,DSL,No,Yes,Yes,No,Yes,No,One year,Yes,Credit card (automatic),71.1,4140.1,5462
Male,No,No,No,8,Yes,No,Fiber optic,No,No,No,No,No,No,Month-to-month,No,Bank transfer (automatic),70.7,553.4,4946
Male,Yes,No,No,55,No,No phone service,DSL,Yes,Yes,No,No,Yes,No,Month-to-month,Yes,Electronic check,44.85,2479.05,5829
Female,No,No,No,56,No,No phone service,DSL,Yes,Yes,Yes,Yes,No,No,Two year,No,Bank transfer (automatic),45.05,2560.1,5795
Female,Yes,Yes,No,19,Yes,Yes,Fiber optic,No,No,No,No,Yes,Yes,Month-to-month,Yes,Electronic check,94.95,1760.25,5316
Female,No,Yes,Yes,51,Yes,No,Fiber optic,Yes,Yes,No,No,No,No,Month-to-month,Yes,Bank transfer (automatic),79.15,4018.55,6321
Female,No,Yes,No,67,No,No phone service,DSL,Yes,No,No,Yes,No,No,Two year,No,Credit card (automatic),35.7,2545.7,5655
Male,No,No,No,53,Yes,No,Fiber optic,No,Yes,No,Yes,No,No,Month-to-month,Yes,Mailed check,80.6,4348.1,6113
Female,No,No,No,1,Yes,No,No,No internet service,No internet service,No internet service,No internet service,No internet service,No internet service,Month-to-month,No,Mailed check,19.75,19.75,4099
Male,No,No,No,16,Yes,No,No,No internet service,No internet service,No internet service,No internet service,No internet service,No internet service,Month-to-month,Yes,Mailed check,19.7,342.4,3438
Female,No,No,No,26,Yes,No,DSL,No,Yes,Yes,No,No,No,Month-to-month,Yes,Credit card (automatic),54.75,1406.9,4020
Male,No,No,No,45,Yes,No,DSL,Yes,No,Yes,No,Yes,Yes,Month-to-month,Yes,Electronic check,75.95,3273.8,2185
Male,No,Yes,No,47,Yes,Yes,No,No internet service,No internet service,No internet service,No internet service,No internet service,No internet service,Month-to-month,No,Electronic check,25.4,1139.2,3159
Male,Yes,Yes,No,33,Yes,Yes,Fiber optic,No,No,No,No,Yes,Yes,Month-to-month,Yes,Electronic check,94.5,3105.55,4333
Female,No,No,No,15,Yes,No,DSL,Yes,Yes,Yes,Yes,Yes,Yes,Month-to-month,No,Mailed check,84.45,1287.85,4653
Female,No,Yes,Yes,42,Yes,No,No,No internet service,No internet service,No internet service,No internet service,No internet service,No internet service,Two year,No,Mailed check,20.0,833.55,3413
Male,No,No,Yes,1,Yes,No,No,No internet service,No internet service,No internet service,No internet service,No internet service,No internet service,Month-to-month,No,Mailed check,20.05,20.05,4221
Female,Yes,No,No,56,Yes,Yes,Fiber optic,No,Yes,Yes,No,Yes,Yes,One year,Yes,Bank transfer (automatic),104.75,5510.65,5605
Female,Yes,No,No,53,Yes,No,Fiber optic,Yes,Yes,No,Yes,No,Yes,One year,Yes,Mailed check,96.75,5206.55,4766
Female,No,No,No,15,Yes,No,Fiber optic,Yes,No,Yes,Yes,Yes,Yes,Month-to-month,No,Electronic check,105.1,1582.75,2122
Male,No,No,No,16,No,No phone service,DSL,Yes,Yes,Yes,Yes,Yes,No,Two year,No,Mailed check,54.85,916.15,2136
Male,No,No,No,20,Yes,No,No,No internet service,No internet service,No internet service,No internet service,No internet service,No internet service,One year,Yes,Mailed check,19.7,415.9,2860
Male,Yes,Yes,No,15,Yes,Yes,Fiber optic,Yes,No,Yes,No,Yes,No,Month-to-month,Yes,Electronic check,96.5,1392.25,2394
Male,Yes,No,Yes,38,Yes,Yes,Fiber optic,Yes,No,No,No,No,No,Month-to-month,Yes,Mailed check,80.45,3162.65,2926
Female,No,No,No,1,Yes,No,DSL,No,No,No,No,No,Yes,Month-to-month,Yes,Electronic check,56.25,56.25,3065
Female,No,Yes,No,57,Yes,No,No,No internet service,No internet service,No internet service,No internet service,No internet service,No internet service,Two year,Yes,Bank transfer (automatic),19.6,1134.25,6064
Male,Yes,Yes,No,72,Yes,Yes,Fiber optic,Yes,Yes,Yes,No,Yes,Yes,Two year,Yes,Bank transfer (automatic),109.55,7920.7,4086
Female,No,No,No,54,Yes,Yes,Fiber optic,No,No,No,Yes,Yes,Yes,Month-to-month,Yes,Electronic check,100.1,5440.9,5763
Male,No,Yes,Yes,30,Yes,Yes,DSL,Yes,No,No,No,No,No,Month-to-month,Yes,Bank transfer (automatic),54.45,1588.7,2613
Female,No,No,No,5,Yes,Yes,Fiber optic,No,No,No,No,No,No,Month-to-month,No,Electronic check,75.6,402.5,3469
Female,Yes,Yes,No,65,Yes,Yes,Fiber optic,Yes,Yes,Yes,No,Yes,Yes,Month-to-month,Yes,Credit card (automatic),109.4,7227.45,4452
Female,No,No,No,25,Yes,Yes,No,No internet service,No internet service,No internet service,No internet service,No internet service,No internet service,Two year,No,Credit card (automatic),24.75,692.1,4931
Male,No,Yes,Yes,44,Yes,No,No,No internet service,No internet service,No internet service,No internet service,No internet service,No internet service,One year,No,Bank transfer (automatic),20.0,860.85,3743
Female,Yes,Yes,No,71,Yes,Yes,Fiber optic,Yes,No,No,No,No,No,Two year,Yes,Credit card (automatic),80.7,5676.0,4583
Female,No,Yes,No,24,Yes,Yes,DSL,Yes,Yes,No,No,Yes,Yes,One year,No,Electronic check,78.4,1832.4,2506
Male,No,Yes,No,51,Yes,Yes,Fiber optic,No,Yes,No,No,No,Yes,One year,Yes,Credit card (automatic),90.35,4614.55,4965
Male,No,No,No,62,Yes,Yes,Fiber optic,Yes,Yes,Yes,No,No,No,Month-to-month,No,Bank transfer (automatic),90.7,5586.45,5496
Female,Yes,Yes,No,47,Yes,Yes,Fiber optic,Yes,No,No,No,No,No,Month-to-month,No,Electronic check,80.35,3825.85,5915
Male,No,No,Yes,12,Yes,No,No,No internet service,No internet service,No internet service,No internet service,No internet service,No internet service,Two year,No,Bank transfer (automatic),19.35,212.3,2558
Male,No,No,Yes,1,No,No phone service,DSL,No,No,No,No,No,No,Month-to-month,Yes,Electronic check,24.7,24.7,3518
Male,No,No,No,68,Yes,Yes,Fiber optic,No,Yes,Yes,Yes,Yes,Yes,One year,No,Electronic check,108.45,7176.55,4454
Male,Yes,Yes,No,52,Yes,Yes,Fiber optic,No,Yes,Yes,No,Yes,Yes,One year,Yes,Bank transfer (automatic),105.1,5376.4,4621
Female,No,Yes,No,26,Yes,Yes,DSL,No,Yes,No,Yes,No,No,Month-to-month,Yes,Electronic check,60.05,1616.15,2039
Male,No,No,No,13,Yes,No,Fiber optic,No,No,No,No,No,No,Month-to-month,Yes,Electronic check,70.15,931.75,4599
Female,No,Yes,No,58,Yes,Yes,DSL,Yes,No,No,Yes,No,Yes,One year,Yes,Electronic check,68.4,3972.25,5269
Male,No,Yes,Yes,35,Yes,No,No,No internet service,No internet service,No internet service,No internet service,No internet service,No internet service,One year,No,Bank transfer (automatic),20.05,746.75,3942
Male,Yes,No,No,51,Yes,No,Fiber optic,No,No,Yes,No,Yes,Yes,One year,Yes,Bank transfer (automatic),94.0,4905.75,6034
Male,No,Yes,Yes,65,Yes,No,No,No internet service,No internet service,No internet service,No internet service,No internet service,No internet service,Two year,Yes,Credit card (automatic),19.85,1267.05,6009
Female,No,No,No,23,Yes,No,DSL,No,Yes,Yes,No,No,No,One year,No,Bank transfer (automatic),55.8,1327.85,2499
Male,No,Yes,No,4,Yes,No,Fiber optic,No,No,Yes,Yes,No,No,Month-to-month,Yes,Mailed check,80.6,319.15,3080
Female,No,Yes,No,34,Yes,Yes,Fiber optic,No,No,Yes,No,Yes,Yes,Month-to-month,Yes,Electronic check,100.45,3414.65,3744
Male,No,Yes,No,13,Yes,Yes,DSL,No,No,Yes,No,Yes,Yes,One year,Yes,Mailed check,75.3,989.45,4800
Male,Yes,No,No,68,Yes,Yes,Fiber optic,No,Yes,Yes,No,No,Yes,Month-to-month,Yes,Electronic check,95.9,6503.2,5080
Male,No,Yes,Yes,69,No,No phone service,DSL,Yes,No,Yes,Yes,No,No,Two year,No,Mailed check,39.1,2779.5,5987
Female,No,Yes,Yes,36,Yes,No,No,No internet service,No internet service,No internet service,No internet service,No internet service,No internet service,Two year,No,Bank transfer (automatic),20.25,717.95,5272
Female,No,Yes,No,4,Yes,No,No,No internet service,No internet service,No internet service,No internet service,No internet service,No internet service,One year,No,Bank transfer (automatic),20.5,79.05,3233
Male,No,Yes,Yes,17,Yes,Yes,DSL,Yes,No,No,Yes,No,No,One year,Yes,Mailed check,62.1,1096.65,3937
Male,No,Yes,No,14,Yes,Yes,Fiber optic,No,No,No,No,Yes,No,Month-to-month,Yes,Electronic check,86.1,1235.55,2177
Male,No,Yes,Yes,70,Yes,Yes,DSL,Yes,No,Yes,No,Yes,No,Two year,No,Credit card (automatic),68.95,4858.7,4858
Male,No,Yes,No,42,Yes,Yes,Fiber optic,No,No,Yes,Yes,Yes,Yes,Month-to-month,Yes,Bank transfer (automatic),106.15,4512.7,2265
Male,No,Yes,No,43,Yes,Yes,DSL,Yes,No,Yes,No,Yes,Yes,One year,Yes,Electronic check,80.2,3581.6,5888
Male,No,Yes,No,8,Yes,No,Fiber optic,Yes,No,No,No,No,No,Month-to-month,Yes,Mailed check,75.0,658.1,5413
Male,No,Yes,Yes,64,Yes,Yes,Fiber optic,No,Yes,Yes,Yes,Yes,Yes,Two year,Yes,Credit card (automatic),109.2,6741.15,5543
Female,No,No,No,52,Yes,No,DSL,Yes,No,Yes,Yes,No,No,One year,No,Credit card (automatic),57.95,3042.25,6078
Male,No,No,No,55,Yes,Yes,DSL,No,No,Yes,No,Yes,Yes,Two year,Yes,Bank transfer (automatic),77.8,4323.35,6483
Male,Yes,Yes,No,4,Yes,No,Fiber optic,No,No,No,No,No,No,Month-to-month,Yes,Electronic check,70.2,280.35,4444
Female,No,No,No,6,Yes,No,DSL,No,No,No,Yes,No,No,Month-to-month,Yes,Bank transfer (automatic),49.65,267.35,4248
Male,Yes,No,No,1,Yes,Yes,Fiber optic,No,No,No,No,No,No,Month-to-month,Yes,Electronic check,74.7,74.7,3348
Female,No,No,No,6,No,No phone service,DSL,Yes,No,No,No,No,No,Month-to-month,No,Bank transfer (automatic),29.45,161.45,4391
Female,No,No,No,1,Yes,No,Fiber optic,No,No,No,No,No,No,Month-to-month,No,Electronic check,70.1,70.1,2475
Female,No,No,No,1,Yes,No,No,No internet service,No internet service,No internet service,No internet service,No internet service,No internet service,Month-to-month,Yes,Mailed check,19.4,19.4,2742
Female,No,Yes,No,13,Yes,Yes,DSL,Yes,Yes,No,Yes,Yes,No,Month-to-month,Yes,Electronic check,76.2,981.45,2569
Female,No,No,Yes,13,Yes,No,Fiber optic,No,Yes,Yes,No,No,No,Month-to-month,Yes,Electronic check,79.25,1111.65,5142
Male,No,Yes,Yes,24,Yes,Yes,No,No internet service,No internet service,No internet service,No internet service,No internet service,No internet service,Two year,Yes,Bank transfer (automatic),24.1,587.4,4634
Female,No,No,No,67,Yes,Yes,No,No internet service,No internet service,No internet service,No internet service,No internet service,No internet service,Two year,Yes,Mailed check,26.1,1759.55,6466
Male,No,Yes,Yes,59,Yes,No,DSL,No,Yes,Yes,Yes,Yes,Yes,One year,No,Credit card (automatic),76.75,4541.9,5918
Male,No,Yes,Yes,71,Yes,No,DSL,Yes,Yes,Yes,Yes,Yes,Yes,Two year,No,Bank transfer (automatic),85.45,6029.9,5394
Female,Yes,No,No,64,Yes,Yes,Fiber optic,Yes,No,Yes,Yes,Yes,Yes,Month-to-month,Yes,Bank transfer (automatic),108.95,7111.3,5780
Male,Yes,No,No,6,Yes,No,Fiber optic,Yes,No,No,No,Yes,No,Month-to-month,Yes,Bank transfer (automatic),85.15,503.6,5831
Female,No,No,No,37,Yes,No,Fiber optic,No,Yes,Yes,No,No,No,One year,No,Electronic check,80.05,3019.1,3364
Male,No,No,No,29,Yes,Yes,Fiber optic,No,No,No,No,No,Yes,Month-to-month,Yes,Electronic check,84.9,2516.2,4388
Male,No,Yes,Yes,72,Yes,Yes,No,No internet service,No internet service,No internet service,No internet service,No internet service,No internet service,Two year,No,Bank transfer (automatic),24.75,1769.6,6232
Male,No,No,No,24,Yes,No,Fiber optic,No,No,No,Yes,Yes,Yes,Month-to-month,Yes,Electronic check,96.0,2122.45,3068
Male,Yes,Yes,No,21,Yes,No,Fiber optic,No,No,Yes,No,Yes,No,Month-to-month,No,Bank transfer (automatic),86.55,1857.25,5318
Female,No,No,No,5,Yes,No,DSL,No,No,No,No,No,No,Month-to-month,Yes,Credit card (automatic),44.05,202.15,5846
Female,No,No,No,63,Yes,Yes,Fiber optic,No,Yes,No,No,Yes,Yes,Two year,No,Bank transfer (automatic),97.45,6253.0,4769
Male,No,Yes,No,61,Yes,Yes,Fiber optic,No,No,No,No,Yes,Yes,One year,Yes,Bank transfer (automatic),96.5,5673.7,5926
Female,No,No,No,53,Yes,No,No,No internet service,No internet service,No internet service,No internet service,No internet service,No internet service,Two year,No,Mailed check,18.7,1005.7,4116
Female,Yes,No,No,1,No,No phone service,DSL,No,No,No,No,No,No,Month-to-month,Yes,Mailed check,25.8,25.8,3884
Male,No,No,No,26,Yes,No,Fiber optic,No,Yes,Yes,Yes,No,No,One year,Yes,Electronic check,85.2,2184.6,5156
Male,No,Yes,Yes,8,Yes,No,No,No internet service,No internet service,No internet service,No internet service,No internet service,No internet service,Two year,No,Mailed check,20.15,165.5,3899
Male,Yes,No,No,60,Yes,Yes,DSL,Yes,Yes,No,No,No,Yes,One year,Yes,Electronic check,71.75,4374.55,4964
Female,No,Yes,Yes,20,Yes,Yes,Fiber optic,No,No,Yes,Yes,No,Yes,Month-to-month,Yes,Bank transfer (automatic),95.5,1916.2,3186
Female,No,No,No,59,Yes,Yes,Fiber optic,Yes,Yes,Yes,No,No,Yes,Month-to-month,Yes,Bank transfer (automatic),99.45,5623.7,5247
Male,No,No,No,4,Yes,No,No,No internet service,No internet service,No internet service,No internet service,No internet service,No internet service,Month-to-month,Yes,Electronic check,20.2,55.7,4267
Male,No,No,No,2,Yes,No,No,No internet service,No internet service,No internet service,No internet service,No internet service,No internet service,Month-to-month,No,Mailed check,19.75,39.3,4064
Female,No,Yes,Yes,36,Yes,No,DSL,Yes,No,No,No,No,No,Month-to-month,No,Credit card (automatic),51.05,1815.0,2161
Male,No,No,No,25,Yes,No,No,No internet service,No internet service,No internet service,No internet service,No internet service,No internet service,Month-to-month,Yes,Mailed check,20.15,536.35,3848
Male,No,Yes,No,71,Yes,Yes,DSL,Yes,No,Yes,Yes,Yes,Yes,Two year,No,Electronic check,83.2,6126.1,5350
Male,No,Yes,No,61,Yes,Yes,Fiber optic,Yes,No,Yes,Yes,Yes,No,Month-to-month,No,Bank transfer (automatic),99.4,5943.65,5404
Female,No,Yes,Yes,37,Yes,No,DSL,Yes,Yes,No,No,Yes,Yes,One year,No,Bank transfer (automatic),75.1,2658.8,4131
Female,Yes,No,No,54,Yes,Yes,DSL,Yes,Yes,No,Yes,Yes,Yes,One year,No,Bank transfer (automatic),82.45,4350.1,4149
Female,No,Yes,Yes,71,Yes,Yes,Fiber optic,Yes,Yes,Yes,Yes,Yes,Yes,Two year,No,Credit card (automatic),113.65,8166.8,6208
Male,No,No,No,1,Yes,Yes,Fiber optic,No,Yes,No,No,No,No,Month-to-month,Yes,Electronic check,79.15,79.15,4243
Male,No,No,No,72,Yes,Yes,DSL,Yes,Yes,Yes,Yes,Yes,Yes,Two year,No,Bank transfer (automatic),86.65,6224.8,4621
Female,Yes,Yes,No,30,Yes,Yes,Fiber optic,No,Yes,No,No,Yes,No,Month-to-month,Yes,Electronic check,90.05,2627.2,3792
Male,No,Yes,No,30,Yes,Yes,DSL,No,No,No,No,No,No,Month-to-month,No,Electronic check,49.9,1441.95,3712
Male,No,No,No,51,Yes,Yes,Fiber optic,No,Yes,Yes,Yes,No,No,Month-to-month,Yes,Electronic check,87.35,4473.0,4899
Female,No,No,Yes,22,Yes,Yes,Fiber optic,No,No,No,No,No,Yes,Month-to-month,Yes,Electronic check,84.75,1816.75,4240
Male,No,Yes,No,71,Yes,No,Fiber optic,No,Yes,Yes,Yes,Yes,Yes,Two year,Yes,Electronic check,105.25,7291.75,6319
Female,No,Yes,Yes,43,No,No phone service,DSL,Yes,No,Yes,Yes,Yes,Yes,One year,Yes,Credit card (automatic),60.4,2640.55,2725
Female,No,No,No,1,Yes,No,Fiber optic,No,No,No,No,No,No,Month-to-month,Yes,Mailed check,70.15,70.15,3208
Female,Yes,Yes,No,71,Yes,No,Fiber optic,Yes,Yes,Yes,Yes,Yes,No,Two year,Yes,Electronic check,99.4,7168.25,4964
Female,No,No,No,41,Yes,No,DSL,Yes,No,Yes,Yes,Yes,Yes,One year,Yes,Bank transfer (automatic),79.85,3320.75,5556
Male,No,Yes,No,18,Yes,Yes,Fiber optic,No,No,No,No,No,No,Month-to-month,Yes,Electronic check,73.15,1305.95,4283
Male,No,Yes,Yes,66,Yes,Yes,No,No internet service,No internet service,No internet service,No internet service,No internet service,No internet service,Two year,Yes,Credit card (automatic),25.3,1672.35,5617
Female,No,No,No,1,Yes,No,Fiber optic,No,No,No,No,Yes,No,Month-to-month,No,Electronic check,78.05,78.05,3458
Female,No,Yes,No,37,Yes,Yes,Fiber optic,No,No,Yes,No,Yes,Yes,Month-to-month,Yes,Electronic check,99.5,3762.0,4233
Female,No,No,No,6,Yes,No,DSL,Yes,Yes,No,No,No,No,Month-to-month,No,Electronic check,56.25,389.1,4110
Female,No,Yes,Yes,1,Yes,No,No,No internet service,No internet service,No internet service,No internet service,No internet service,No internet service,Month-to-month,No,Mailed check,20.55,20.55,3797
Female,No,Yes,No,33,Yes,Yes,Fiber optic,No,No,Yes,Yes,No,Yes,Month-to-month,Yes,Credit card (automatic),95.0,3008.15,4639
Male,No,Yes,No,46,Yes,Yes,Fiber optic,No,Yes,Yes,No,Yes,No,One year,Yes,Electronic check,94.65,4312.5,4120
Male,No,No,No,61,Yes,Yes,Fiber optic,Yes,No,Yes,Yes,Yes,Yes,Two year,Yes,Credit card (automatic),111.6,6876.05,4495
Female,No,Yes,Yes,55,Yes,No,No,No internet service,No internet service,No internet service,No internet service,No internet service,No internet service,One year,No,Credit card (automatic),19.15,998.1,5390
Female,No,Yes,No,37,Yes,Yes,Fiber optic,No,No,Yes,No,No,No,Month-to-month,Yes,Credit card (automatic),78.95,2839.65,3982
Female,No,Yes,Yes,32,No,No phone service,DSL,Yes,Yes,No,No,No,No,Month-to-month,Yes,Electronic check,35.15,1051.05,3163
Male,No,Yes,Yes,8,Yes,No,No,No internet service,No internet service,No internet service,No internet service,No internet service,No internet service,Two year,No,Mailed check,19.7,130.25,5962
Male,No,Yes,Yes,70,Yes,No,Fiber optic,Yes,Yes,Yes,Yes,Yes,No,Two year,Yes,Credit card (automatic),101.1,6994.8,4226
Male,Yes,Yes,No,30,Yes,No,DSL,No,Yes,No,No,No,No,Month-to-month,Yes,Bank transfer (automatic),50.4,1527.5,4795
Female,No,No,No,60,Yes,Yes,Fiber optic,No,No,Yes,No,No,No,One year,Yes,Bank transfer (automatic),79.2,4765.0,5687
Female,No,No,No,1,Yes,No,No,No internet service,No internet service,No internet service,No internet service,No internet service,No internet service,Month-to-month,No,Mailed check,20.4,20.4,2152
Male,Yes,Yes,No,33,Yes,Yes,Fiber optic,Yes,No,Yes,Yes,Yes,Yes,Month-to-month,Yes,Bank transfer (automatic),109.9,3694.7,5655
Female,No,Yes,No,61,Yes,Yes,Fiber optic,No,No,Yes,Yes,Yes,Yes,Month-to-month,Yes,Electronic check,106.35,6751.35,5632
Female,No,No,No,6,Yes,No,Fiber optic,Yes,Yes,Yes,Yes,No,Yes,Month-to-month,Yes,Bank transfer (automatic),98.15,567.45,3578
Female,No,Yes,Yes,72,Yes,Yes,No,No internet service,No internet service,No internet service,No internet service,No internet service,No internet service,Two year,No,Bank transfer (automatic),25.2,1787.35,4382
Male,No,Yes,Yes,4,Yes,No,No,No internet service,No internet service,No internet service,No internet service,No internet service,No internet service,Month-to-month,No,Mailed check,18.85,84.2,5279
Female,No,No,No,58,Yes,Yes,Fiber optic,Yes,Yes,Yes,No,Yes,Yes,One year,Yes,Electronic check,107.75,6332.75,5121
Male,No,No,No,1,Yes,No,No,No internet service,No internet service,No internet service,No internet service,No internet service,No internet service,Month-to-month,No,Mailed check,20.6,20.6,3618
Male,No,No,No,8,Yes,Yes,Fiber optic,No,Yes,No,No,Yes,Yes,Month-to-month,No,Electronic check,100.85,819.55,3849
Male,No,No,No,4,Yes,No,No,No internet service,No internet service,No internet service,No internet service,No internet service,No internet service,Month-to-month,No,Mailed check,19.75,78.3,4987
Female,Yes,Yes,No,72,Yes,Yes,Fiber optic,No,Yes,Yes,Yes,Yes,Yes,Two year,Yes,Credit card (automatic),110.8,7882.25,5933
Female,No,Yes,Yes,24,No,No phone service,DSL,Yes,Yes,Yes,Yes,No,Yes,Two year,Yes,Mailed check,52.5,1208.15,3303
Female,No,Yes,No,7,Yes,No,Fiber optic,No,No,No,No,No,No,Month-to-month,Yes,Electronic check,69.0,506.9,5672
Male,Yes,Yes,No,10,Yes,No,Fiber optic,Yes,No,No,No,No,No,Month-to-month,No,Electronic check,75.3,720.45,4254
Female,Yes,No,No,2,Yes,Yes,Fiber optic,No,No,No,No,No,No,Month-to-month,Yes,Mailed check,75.45,158.4,3350
Female,No,No,Yes,17,Yes,Yes,Fiber optic,No,Yes,Yes,Yes,No,No,Month-to-month,Yes,Credit card (automatic),92.7,1556.85,2347
Male,No,Yes,No,59,Yes,Yes,DSL,Yes,No,No,Yes,No,Yes,One year,Yes,Mailed check,69.1,4096.9,4765
Female,No,Yes,No,72,Yes,Yes,Fiber optic,Yes,Yes,Yes,Yes,Yes,Yes,Two year,Yes,Bank transfer (automatic),113.65,8182.75,5411
Female,Yes,Yes,No,68,Yes,Yes,Fiber optic,Yes,Yes,No,No,No,Yes,One year,Yes,Credit card (automatic),96.55,6581.9,5957
Female,No,Yes,Yes,28,Yes,No,No,No internet service,No internet service,No internet service,No internet service,No internet service,No internet service,One year,No,Mailed check,19.9,543.0,2987
Male,No,Yes,Yes,37,Yes,No,DSL,Yes,No,Yes,Yes,No,No,One year,Yes,Mailed check,58.75,2203.1,3483
Male,No,Yes,Yes,55,Yes,No,No,No internet service,No internet service,No internet service,No internet service,No internet service,No internet service,One year,No,Mailed check,19.5,1026.35,5067
Male,No,No,No,45,Yes,Yes,Fiber optic,Yes,No,Yes,Yes,Yes,Yes,Month-to-month,Yes,Credit card (automatic),108.45,4964.7,5093
Male,Yes,Yes,No,67,Yes,Yes,Fiber optic,Yes,Yes,No,No,No,No,Month-to-month,No,Bank transfer (automatic),83.85,5588.8,5261
Male,No,No,No,65,Yes,Yes,Fiber optic,No,Yes,Yes,No,Yes,Yes,Two year,No,Credit card (automatic),105.1,6631.85,5649
Female,No,Yes,Yes,70,Yes,No,DSL,Yes,No,No,Yes,Yes,Yes,Two year,No,Credit card (automatic),75.35,5437.75,6477
Female,No,Yes,Yes,69,Yes,Yes,No,No internet service,No internet service,No internet service,No internet service,No internet service,No internet service,Two year,Yes,Bank transfer (automatic),25.6,1673.4,6053
Female,No,Yes,Yes,65,Yes,Yes,No,No internet service,No internet service,No internet service,No internet service,No internet service,No internet service,Two year,Yes,Bank transfer (automatic),25.3,1748.55,4533
Male,No,Yes,Yes,71,Yes,Yes,Fiber optic,No,Yes,No,Yes,No,No,Two year,Yes,Electronic check,84.8,6152.4,5952
Male,No,Yes,Yes,70,No,No phone service,DSL,No,Yes,Yes,Yes,Yes,Yes,One year,No,Electronic check,60.35,4138.7,4122
Male,No,Yes,Yes,56,Yes,No,DSL,Yes,Yes,Yes,No,No,No,Two year,Yes,Bank transfer (automatic),59.8,3457.45,4964
Female,No,Yes,No,44,Yes,Yes,Fiber optic,Yes,Yes,Yes,Yes,No,No,Month-to-month,Yes,Credit card (automatic),95.1,4060.55,2221
Male,No,No,No,12,Yes,No,DSL,No,Yes,No,No,No,No,Month-to-month,Yes,Bank transfer (automatic),49.05,593.05,4244
Female,No,Yes,No,1,Yes,No,DSL,No,No,No,No,No,No,Month-to-month,Yes,Electronic check,45.7,45.7,3187
Female,No,Yes,No,33,Yes,Yes,Fiber optic,No,No,No,No,No,Yes,Month-to-month,No,Credit card (automatic),86.15,2745.7,3336
Female,No,No,No,16,Yes,Yes,Fiber optic,No,Yes,Yes,No,No,Yes,Month-to-month,Yes,Credit card (automatic),95.6,1555.65,5915
Male,Yes,No,No,43,Yes,Yes,Fiber optic,No,No,No,No,Yes,No,Month-to-month,Yes,Electronic check,84.85,3645.6,4556
Male,No,Yes,No,33,Yes,Yes,DSL,Yes,Yes,Yes,No,Yes,No,Month-to-month,Yes,Bank transfer (automatic),72.75,2447.45,4959
Female,No,No,No,31,Yes,Yes,Fiber optic,No,No,Yes,No,No,Yes,Month-to-month,Yes,Electronic check,89.9,2806.9,2031
Male,Yes,No,No,3,Yes,Yes,Fiber optic,No,No,Yes,No,Yes,No,Month-to-month,No,Electronic check,91.05,289.1,2194
Male,No,Yes,No,49,Yes,Yes,DSL,Yes,No,Yes,Yes,Yes,Yes,One year,No,Electronic check,84.35,4059.35,6452
Male,Yes,No,No,2,Yes,No,DSL,No,No,No,No,No,No,Month-to-month,Yes,Electronic check,44.7,93.7,4618
Male,No,No,No,8,Yes,Yes,Fiber optic,No,Yes,Yes,No,Yes,No,Month-to-month,Yes,Electronic check,94.0,773.65,2632
Male,No,No,No,26,Yes,No,Fiber optic,No,Yes,Yes,No,Yes,No,Month-to-month,No,Electronic check,89.8,2335.3,3452
Male,No,No,No,1,Yes,No,No,No internet service,No internet service,No internet service,No internet service,No internet service,No internet service,Month-to-month,No,Mailed check,19.55,19.55,3556
Female,No,Yes,No,71,No,No phone service,DSL,Yes,Yes,No,Yes,Yes,Yes,Two year,No,Mailed check,58.65,4145.25,4151
Female,No,Yes,No,72,No,No phone service,DSL,No,Yes,Yes,Yes,Yes,Yes,Two year,Yes,Electronic check,60.0,4264.0,5471
Female,No,Yes,No,67,Yes,Yes,DSL,Yes,Yes,Yes,No,No,Yes,One year,No,Mailed check,75.1,5064.45,4931
Female,No,Yes,No,18,Yes,No,DSL,No,No,Yes,Yes,No,No,One year,Yes,Credit card (automatic),54.4,957.1,4948
Male,No,Yes,No,62,Yes,Yes,Fiber optic,Yes,Yes,No,No,No,Yes,One year,No,Electronic check,96.1,6001.45,6139
Male,Yes,No,No,31,Yes,Yes,Fiber optic,No,No,Yes,Yes,Yes,No,Month-to-month,Yes,Bank transfer (automatic),96.6,2877.95,3364
Male,No,Yes,No,8,Yes,No,No,No internet service,No internet service,No internet service,No internet service,No internet service,No internet service,Month-to-month,No,Mailed check,20.25,158.35,4964
Female,No,No,No,70,No,No phone service,DSL,Yes,Yes,Yes,Yes,No,No,Two year,Yes,Bank transfer (automatic),44.6,3058.15,4442
Male,No,Yes,No,69,No,No phone service,DSL,No,Yes,Yes,Yes,Yes,Yes,One year,Yes,Credit card (automatic),60.8,4263.4,5683
Female,No,No,No,1,Yes,No,Fiber optic,No,No,No,No,Yes,Yes,Month-to-month,No,Electronic check,90.6,90.6,2540
Female,No,No,No,23,Yes,Yes,DSL,Yes,No,Yes,No,Yes,Yes,One year,Yes,Electronic check,78.55,1843.05,3127
Male,No,Yes,No,72,Yes,Yes,DSL,Yes,No,Yes,Yes,Yes,Yes,Two year,No,Credit card (automatic),86.65,6094.25,5483
Female,No,Yes,Yes,50,Yes,No,Fiber optic,No,No,No,No,No,No,Month-to-month,Yes,Bank transfer (automatic),69.75,3557.7,4539
Male,No,No,No,44,Yes,Yes,Fiber optic,No,No,Yes,No,No,Yes,Month-to-month,Yes,Mailed check,90.4,4063.0,4751
Female,No,Yes,No,72,Yes,No,No,No internet service,No internet service,No internet service,No internet service,No internet service,No internet service,Two year,No,Bank transfer (automatic),20.05,1423.65,4747
Female,No,No,No,8,No,No phone service,DSL,No,Yes,No,No,No,No,Month-to-month,Yes,Mailed check,29.25,226.95,2038
Male,No,No,No,39,No,No phone service,DSL,No,No,Yes,Yes,No,No,One year,No,Mailed check,35.55,1309.15,3752
Female,No,No,No,18,Yes,No,DSL,No,No,Yes,No,No,No,Month-to-month,Yes,Mailed check,50.0,892.7,4952
Male,Yes,Yes,Yes,32,Yes,No,Fiber optic,No,Yes,No,No,Yes,Yes,Month-to-month,Yes,Mailed check,93.95,2861.45,2844
Male,No,Yes,No,71,Yes,Yes,Fiber optic,No,No,Yes,No,Yes,Yes,One year,Yes,Credit card (automatic),98.65,6962.85,5101
Female,No,Yes,No,2,Yes,No,Fiber optic,No,No,No,No,No,No,Month-to-month,Yes,Electronic check,70.7,141.45,4559
Male,No,Yes,Yes,63,Yes,No,No,No internet service,No internet service,No internet service,No internet service,No internet service,No internet service,Two year,No,Mailed check,19.7,1275.85,4235
Male,No,No,No,43,Yes,No,DSL,No,Yes,No,No,No,Yes,Two year,Yes,Electronic check,60.0,2548.55,4614
Female,No,Yes,No,42,Yes,Yes,Fiber optic,No,No,Yes,Yes,No,No,Month-to-month,Yes,Credit card (automatic),85.9,3729.75,2219
Female,No,No,No,24,Yes,Yes,No,No internet service,No internet service,No internet service,No internet service,No internet service,No internet service,Two year,No,Credit card (automatic),25.15,553.0,3904
Male,No,Yes,No,63,No,No phone service,DSL,Yes,Yes,Yes,No,Yes,Yes,Two year,No,Electronic check,59.0,3707.6,5639
Male,No,Yes,Yes,7,Yes,No,No,No internet service,No internet service,No internet service,No internet service,No internet service,No internet service,Month-to-month,No,Mailed check,20.25,144.35,4954
Male,No,No,Yes,20,Yes,No,No,No internet service,No internet service,No internet service,No internet service,No internet service,No internet service,Month-to-month,Yes,Electronic check,19.4,374.5,3785
Male,No,Yes,No,44,Yes,No,No,No internet service,No internet service,No internet service,No internet service,No internet service,No internet service,One year,Yes,Bank transfer (automatic),20.5,865.05,3093
Male,No,Yes,No,28,Yes,No,DSL,Yes,Yes,No,Yes,No,No,Month-to-month,No,Mailed check,60.9,1785.65,3851
Male,Yes,Yes,No,8,Yes,No,DSL,Yes,No,No,No,Yes,No,Month-to-month,No,Bank transfer (automatic),60.9,551.95,2136
Female,No,Yes,Yes,70,Yes,Yes,Fiber optic,No,Yes,Yes,Yes,Yes,Yes,Two year,Yes,Electronic check,110.2,7689.8,4098
Male,Yes,Yes,No,72,Yes,No,DSL,Yes,Yes,Yes,Yes,Yes,No,Two year,No,Bank transfer (automatic),74.4,5360.75,5590
Male,No,No,No,1,Yes,Yes,DSL,Yes,Yes,No,No,No,No,Month-to-month,No,Electronic check,61.15,61.15,4592
Male,No,Yes,No,67,Yes,Yes,No,No internet service,No internet service,No internet service,No internet service,No internet service,No internet service,Two year,No,Credit card (automatic),25.6,1784.9,4879
Male,No,Yes,Yes,35,Yes,No,Fiber optic,No,Yes,No,Yes,Yes,No,One year,Yes,Electronic check,89.7,3165.6,2775
Male,Yes,Yes,No,45,Yes,Yes,DSL,Yes,No,Yes,Yes,No,Yes,Two year,No,Credit card (automatic),75.15,3480.35,5837
Female,No,No,Yes,11,Yes,No,No,No internet service,No internet service,No internet service,No internet service,No internet service,No internet service,Month-to-month,No,Credit card (automatic),19.7,216.2,3838
Male,No,No,No,4,Yes,No,DSL,No,No,No,Yes,Yes,No,Month-to-month,Yes,Electronic check,61.3,249.4,5281
Female,No,No,No,16,Yes,No,No,No internet service,No internet service,No internet service,No internet service,No internet service,No internet service,One year,No,Mailed check,20.1,296.15,5052
Female,No,No,No,18,Yes,No,No,No internet service,No internet service,No internet service,No internet service,No internet service,No internet service,Month-to-month,Yes,Mailed check,19.55,389.25,2386
Female,Yes,No,No,4,Yes,Yes,Fiber optic,No,No,No,No,Yes,Yes,Month-to-month,Yes,Electronic check,94.3,424.45,5419
Female,No,Yes,No,20,Yes,No,No,No internet service,No internet service,No internet service,No internet service,No internet service,No internet service,One year,No,Mailed check,20.35,393.15,4390
Male,No,No,No,67,Yes,Yes,DSL,Yes,Yes,Yes,Yes,Yes,Yes,One year,Yes,Bank transfer (automatic),88.8,5903.15,4081
Male,Yes,Yes,No,40,Yes,No,Fiber optic,Yes,Yes,Yes,Yes,Yes,No,One year,Yes,Credit card (automatic),98.15,4116.8,4332
Female,No,No,No,6,Yes,No,No,No internet service,No internet service,No internet service,No internet service,No internet service,No internet service,Month-to-month,Yes,Mailed check,20.95,109.5,5554
Female,No,Yes,No,59,Yes,Yes,Fiber optic,No,No,Yes,Yes,Yes,No,Month-to-month,No,Electronic check,93.35,5386.5,4814
Female,No,No,No,50,No,No phone service,DSL,No,Yes,Yes,Yes,No,No,Two year,No,Credit card (automatic),39.7,1932.75,5174
Male,No,Yes,No,1,Yes,No,Fiber optic,No,No,No,Yes,Yes,No,Month-to-month,Yes,Electronic check,84.8,84.8,2627
Female,No,Yes,No,13,Yes,No,DSL,No,No,No,No,No,No,One year,No,Electronic check,43.8,592.65,4369
Male,No,No,Yes,21,Yes,Yes,No,No internet service,No internet service,No internet service,No internet service,No internet service,No internet service,Month-to-month,No,Mailed check,24.7,467.15,5403
Female,No,No,No,41,Yes,Yes,Fiber optic,No,Yes,Yes,No,Yes,Yes,Month-to-month,Yes,Electronic check,106.3,4443.45,5383
Female,No,No,Yes,34,Yes,No,Fiber optic,Yes,Yes,Yes,No,Yes,Yes,Month-to-month,Yes,Bank transfer (automatic),105.35,3688.6,5432
Male,No,No,No,29,Yes,No,Fiber optic,No,No,Yes,Yes,Yes,Yes,Month-to-month,Yes,Credit card (automatic),98.8,2807.1,4580
Female,No,No,No,40,Yes,No,DSL,Yes,Yes,No,No,Yes,No,Month-to-month,No,Mailed check,65.1,2586.0,3885
Male,No,No,No,1,Yes,No,Fiber optic,No,No,No,No,No,No,Month-to-month,No,Electronic check,69.95,69.95,5066
Female,No,Yes,Yes,49,Yes,Yes,Fiber optic,No,Yes,No,No,Yes,Yes,Month-to-month,Yes,Electronic check,98.35,4889.2,4325
Male,No,No,No,35,Yes,Yes,DSL,Yes,No,Yes,No,No,No,Month-to-month,Yes,Electronic check,59.6,2094.9,2187
Male,No,No,No,8,Yes,No,DSL,No,No,No,No,No,Yes,Month-to-month,Yes,Credit card (automatic),54.75,438.05,5317
Male,No,No,No,18,Yes,No,DSL,Yes,No,Yes,Yes,Yes,No,Month-to-month,Yes,Electronic check,68.35,1299.8,5993
Male,Yes,Yes,No,50,Yes,Yes,Fiber optic,Yes,No,Yes,No,Yes,Yes,Two year,Yes,Credit card (automatic),105.05,5163.3,5324
Female,Yes,Yes,No,32,Yes,Yes,Fiber optic,No,No,No,No,Yes,No,Month-to-month,Yes,Credit card (automatic),85.95,2628.6,2431
Female,No,No,No,23,Yes,No,DSL,No,No,Yes,No,No,No,Month-to-month,No,Credit card (automatic),49.7,1081.25,4790
Male,No,No,No,3,Yes,No,Fiber optic,No,No,No,No,Yes,No,Month-to-month,Yes,Electronic check,78.5,242.05,3567
Male,No,Yes,Yes,38,Yes,Yes,DSL,No,Yes,Yes,No,Yes,Yes,One year,No,Credit card (automatic),78.95,2862.55,2125
Male,No,Yes,No,51,Yes,Yes,Fiber optic,Yes,Yes,No,No,No,Yes,One year,Yes,Credit card (automatic),96.4,4911.05,4745
Male,No,No,No,5,Yes,No,DSL,No,No,Yes,Yes,No,No,Month-to-month,No,Electronic check,56.15,291.45,5232
Female,No,Yes,No,63,Yes,No,Fiber optic,No,Yes,No,No,Yes,Yes,One year,Yes,Electronic check,96.0,6109.75,5016
Male,Yes,No,No,1,Yes,No,Fiber optic,No,No,No,No,No,No,Month-to-month,Yes,Electronic check,71.65,71.65,5674
Male,No,Yes,Yes,4,No,No phone service,DSL,Yes,No,No,No,Yes,No,Month-to-month,No,Credit card (automatic),38.55,156.1,3824
Female,No,No,No,42,Yes,Yes,DSL,Yes,Yes,No,No,No,No,One year,Yes,Bank transfer (automatic),60.15,2421.6,5988
Female,No,Yes,Yes,71,Yes,Yes,Fiber optic,Yes,Yes,Yes,No,Yes,No,Two year,No,Bank transfer (automatic),100.5,7030.65,4080
Male,No,No,No,1,Yes,No,DSL,No,No,No,No,No,No,Month-to-month,Yes,Mailed check,45.7,45.7,3571
Male,Yes,Yes,No,29,Yes,No,Fiber optic,Yes,No,Yes,No,No,Yes,One year,No,Bank transfer (automatic),90.1,2656.7,3553
Male,No,No,No,31,Yes,No,Fiber optic,No,Yes,No,No,Yes,Yes,Month-to-month,Yes,Electronic check,94.5,2979.2,3949
Male,No,No,No,9,Yes,No,DSL,Yes,No,No,Yes,No,Yes,Month-to-month,No,Mailed check,64.95,547.8,3013
Female,Yes,No,No,16,Yes,No,DSL,No,No,No,Yes,Yes,No,Month-to-month,No,Electronic check,59.4,1023.9,5556
Male,No,No,No,1,Yes,No,No,No internet service,No internet service,No internet service,No internet service,No internet service,No internet service,Month-to-month,No,Mailed check,20.4,20.4,2968
Female,No,Yes,No,30,Yes,Yes,Fiber optic,No,Yes,No,Yes,Yes,No,Month-to-month,Yes,Credit card (automatic),94.1,2804.45,5255
Female,No,Yes,No,49,Yes,No,No,No internet service,No internet service,No internet service,No internet service,No internet service,No internet service,One year,No,Credit card (automatic),19.0,918.7,4066
Female,No,Yes,Yes,23,Yes,Yes,DSL,No,Yes,No,Yes,Yes,No,Month-to-month,Yes,Credit card (automatic),69.5,1652.1,2159
Female,No,No,No,1,Yes,No,Fiber optic,No,No,Yes,No,No,No,Month-to-month,Yes,Electronic check,74.9,74.9,5919
Male,No,Yes,No,10,Yes,No,DSL,No,Yes,No,No,No,No,One year,No,Mailed check,49.55,475.7,2392
Male,No,Yes,Yes,50,Yes,Yes,No,No internet service,No internet service,No internet service,No internet service,No internet service,No internet service,Two year,No,Mailed check,24.95,1261.45,6019
Female,No,Yes,No,60,Yes,Yes,Fiber optic,Yes,Yes,No,No,No,Yes,Month-to-month,Yes,Credit card (automatic),94.1,5475.9,5267
Female,No,No,No,1,Yes,No,No,No internet service,No internet service,No internet service,No internet service,No internet service,No internet service,Month-to-month,Yes,Mailed check,20.3,20.3,3830
Male,No,No,No,2,Yes,Yes,DSL,No,No,No,No,No,Yes,Month-to-month,No,Bank transfer (automatic),62.05,118.3,5344
Male,Yes,Yes,No,32,Yes,Yes,Fiber optic,No,No,No,No,No,No,Month-to-month,Yes,Electronic check,74.9,2303.35,4105
Female,No,Yes,No,33,Yes,No,No,No internet service,No internet service,No internet service,No internet service,No internet service,No internet service,Month-to-month,No,Mailed check,20.05,669.45,5759
Female,Yes,Yes,Yes,24,Yes,No,Fiber optic,No,No,Yes,No,Yes,Yes,Two year,Yes,Electronic check,96.55,2263.45,4309
Male,Yes,Yes,No,41,Yes,Yes,Fiber optic,No,Yes,Yes,Yes,Yes,Yes,One year,Yes,Electronic check,111.95,4534.9,3711
Female,Yes,Yes,No,40,No,No phone service,DSL,No,Yes,No,No,Yes,No,Month-to-month,Yes,Electronic check,39.3,1637.4,2296
Male,No,Yes,Yes,38,Yes,Yes,No,No internet service,No internet service,No internet service,No internet service,No internet service,No internet service,Two year,No,Credit card (automatic),25.05,963.95,3772
Male,Yes,Yes,No,64,Yes,Yes,Fiber optic,Yes,No,Yes,Yes,Yes,Yes,Two year,Yes,Bank transfer (automatic),111.6,7099.0,4881
Female,Yes,Yes,No,68,Yes,No,DSL,No,Yes,Yes,Yes,No,No,One year,Yes,Bank transfer (automatic),60.65,3975.9,6418
Male,No,Yes,No,71,No,No phone service,DSL,No,Yes,No,No,Yes,Yes,Two year,No,Electronic check,49.35,3515.25,4879
Male,No,No,Yes,34,Yes,Yes,Fiber optic,Yes,Yes,No,No,Yes,Yes,One year,Yes,Electronic check,103.8,3470.8,5382
Male,Yes,No,No,19,Yes,Yes,Fiber optic,Yes,No,No,No,Yes,No,Month-to-month,Yes,Electronic check,90.6,1660.0,2373
Male,No,No,No,1,Yes,No,No,No internet service,No internet service,No internet service,No internet service,No internet service,No internet service,Month-to-month,No,Mailed check,20.2,20.2,2710
Male,No,Yes,No,17,Yes,Yes,Fiber optic,No,Yes,Yes,No,Yes,Yes,Month-to-month,Yes,Electronic check,102.55,1742.5,3803
Female,No,Yes,Yes,54,Yes,Yes,Fiber optic,Yes,Yes,No,No,Yes,Yes,Month-to-month,Yes,Bank transfer (automatic),104.1,5645.8,5795
Male,No,No,No,40,No,No phone service,DSL,Yes,Yes,Yes,No,Yes,Yes,One year,No,Credit card (automatic),62.05,2511.55,2290
Female,No,No,No,43,Yes,Yes,Fiber optic,Yes,Yes,Yes,Yes,Yes,Yes,Two year,No,Credit card (automatic),115.05,4895.1,4115
Female,No,No,No,13,Yes,Yes,Fiber optic,No,No,No,No,No,No,Month-to-month,Yes,Mailed check,75.0,999.45,2189
Male,No,No,No,66,Yes,Yes,No,No internet service,No internet service,No internet service,No internet service,No internet service,No internet service,One year,No,Bank transfer (automatic),25.45,1699.15,4163
Male,No,No,No,1,Yes,No,DSL,No,No,No,No,No,No,Month-to-month,No,Credit card (automatic),46.2,46.2,4167
Female,No,No,No,2,Yes,No,DSL,No,No,No,No,No,No,Month-to-month,Yes,Electronic check,45.4,80.95,4964
Male,No,No,No,29,No,No phone service,DSL,No,No,No,No,No,No,One year,Yes,Mailed check,24.85,788.05,4161
Female,No,No,No,25,Yes,Yes,Fiber optic,No,Yes,No,No,Yes,Yes,Month-to-month,Yes,Electronic check,100.25,2387.75,2195
Female,Yes,No,No,21,No,No phone service,DSL,Yes,No,No,No,Yes,No,Month-to-month,Yes,Electronic check,41.9,840.1,4778
Female,Yes,Yes,No,38,Yes,No,Fiber optic,Yes,No,No,No,No,Yes,Month-to-month,Yes,Electronic check,83.45,3147.15,2768
Female,No,Yes,Yes,6,Yes,No,No,No internet service,No internet service,No internet service,No internet service,No internet service,No internet service,One year,No,Credit card (automatic),19.0,105.5,5518
Male,No,Yes,No,55,Yes,Yes,Fiber optic,No,No,Yes,Yes,Yes,Yes,One year,Yes,Electronic check,104.15,5743.05,4369
Male,No,Yes,Yes,59,Yes,Yes,Fiber optic,No,No,Yes,No,Yes,Yes,Two year,Yes,Credit card (automatic),99.5,5861.75,4583
Female,No,No,Yes,49,Yes,No,No,No internet service,No internet service,No internet service,No internet service,No internet service,No internet service,One year,No,Credit card (automatic),19.45,921.3,4170
Male,No,Yes,No,10,Yes,No,No,No internet service,No internet service,No internet service,No internet service,No internet service,No internet service,One year,No,Bank transfer (automatic),19.6,189.45,3778
Male,No,No,No,23,Yes,Yes,Fiber optic,No,No,Yes,No,No,No,Month-to-month,Yes,Electronic check,81.0,1917.1,5701
Female,No,No,No,1,Yes,No,No,No internet service,No internet service,No internet service,No internet service,No internet service,No internet service,Month-to-month,Yes,Mailed check,20.25,20.25,5854
Male,No,Yes,Yes,31,Yes,Yes,Fiber optic,Yes,No,Yes,No,Yes,No,One year,No,Bank transfer (automatic),98.05,3082.1,4524
Female,Yes,Yes,Yes,56,Yes,No,DSL,Yes,No,No,Yes,Yes,Yes,Two year,Yes,Credit card (automatic),72.6,4084.35,6357
Female,No,Yes,No,71,Yes,No,DSL,No,Yes,Yes,Yes,Yes,Yes,Two year,Yes,Credit card (automatic),80.7,5705.05,5617
Female,No,No,No,46,Yes,Yes,DSL,Yes,No,Yes,No,Yes,Yes,Two year,No,Mailed check,79.2,3593.8,2007
Male,Yes,No,No,15,Yes,No,Fiber optic,No,Yes,No,No,No,No,Month-to-month,Yes,Electronic check,74.4,1074.3,4616
Female,No,Yes,No,2,Yes,No,No,No internet service,No internet service,No internet service,No internet service,No internet service,No internet service,Month-to-month,No,Bank transfer (automatic),19.85,52.0,4107
Female,No,Yes,No,71,Yes,Yes,No,No internet service,No internet service,No internet service,No internet service,No internet service,No internet service,Two year,No,Mailed check,23.85,1672.1,6166
Male,No,Yes,Yes,40,Yes,No,No,No internet service,No internet service,No internet service,No internet service,No internet service,No internet service,Two year,No,Mailed check,19.6,808.95,2630
Female,No,Yes,No,8,Yes,No,No,No internet service,No internet service,No internet service,No internet service,No internet service,No internet service,Month-to-month,No,Bank transfer (automatic),20.15,156.25,4785
Female,No,No,No,12,Yes,No,DSL,No,No,No,No,No,No,Month-to-month,Yes,Electronic check,45.05,523.1,5624
Male,Yes,No,No,3,Yes,Yes,Fiber optic,No,No,No,No,Yes,Yes,Month-to-month,Yes,Electronic check,94.85,335.75,4496
Male,Yes,No,Yes,18,Yes,Yes,Fiber optic,No,No,No,No,Yes,Yes,Month-to-month,Yes,Electronic check,95.45,1752.55,3179
Male,No,Yes,No,72,Yes,Yes,Fiber optic,No,Yes,Yes,Yes,Yes,Yes,Two year,Yes,Electronic check,108.2,7840.6,4773
Female,No,Yes,No,70,Yes,Yes,DSL,Yes,Yes,Yes,Yes,Yes,Yes,Two year,Yes,Credit card (automatic),94.8,6859.05,5072
Female,No,No,No,47,Yes,No,DSL,No,No,Yes,Yes,Yes,Yes,Two year,No,Mailed check,74.45,3510.3,3459
Female,Yes,No,No,29,Yes,Yes,DSL,Yes,Yes,No,No,No,No,Month-to-month,Yes,Bank transfer (automatic),58.55,1718.95,2044
Male,No,Yes,Yes,72,Yes,No,No,No internet service,No internet service,No internet service,No internet service,No internet service,No internet service,Two year,No,Electronic check,20.55,1432.55,5809
Female,No,No,No,39,No,No phone service,DSL,No,Yes,Yes,Yes,No,No,Month-to-month,No,Bank transfer (automatic),41.1,1597.05,3618
Female,No,Yes,Yes,7,Yes,No,No,No internet service,No internet service,No internet service,No internet service,No internet service,No internet service,Month-to-month,No,Mailed check,20.45,150.75,4484
Female,No,Yes,No,71,Yes,Yes,Fiber optic,Yes,Yes,No,No,Yes,No,One year,No,Mailed check,95.65,6856.95,5856
Female,No,No,No,51,Yes,No,Fiber optic,No,No,No,No,Yes,Yes,One year,No,Credit card (automatic),87.55,4475.9,6021
Female,No,Yes,Yes,52,Yes,No,Fiber optic,Yes,No,Yes,No,Yes,Yes,One year,No,Electronic check,100.3,5244.45,4811
Female,Yes,No,No,46,Yes,No,Fiber optic,No,Yes,No,No,Yes,Yes,One year,No,Credit card (automatic),95.25,4424.2,3180
Male,No,Yes,No,38,Yes,Yes,Fiber optic,No,Yes,Yes,No,Yes,No,Month-to-month,Yes,Electronic check,94.65,3624.3,3498
Male,Yes,Yes,Yes,10,No,No phone service,DSL,No,No,No,No,No,Yes,Month-to-month,Yes,Bank transfer (automatic),34.55,362.6,5248
Female,Yes,Yes,No,72,Yes,Yes,Fiber optic,Yes,Yes,Yes,Yes,Yes,Yes,Two year,Yes,Bank transfer (automatic),114.65,8333.95,5408
Male,No,No,No,19,Yes,No,Fiber optic,No,No,No,No,Yes,No,Month-to-month,Yes,Bank transfer (automatic),78.7,1495.1,2464
Female,Yes,Yes,No,3,Yes,No,Fiber optic,No,No,No,Yes,Yes,No,Month-to-month,Yes,Mailed check,83.9,267.4,3464
Female,No,No,No,69,Yes,No,DSL,Yes,No,Yes,Yes,Yes,Yes,Two year,Yes,Credit card (automatic),82.45,5555.3,4631
Female,No,No,No,54,Yes,No,No,No internet service,No internet service,No internet service,No internet service,No internet service,No internet service,Two year,No,Mailed check,20.1,1079.45,5755
Male,Yes,No,No,12,No,No phone service,DSL,No,No,Yes,Yes,No,Yes,Month-to-month,Yes,Electronic check,43.65,526.95,2437
Female,No,Yes,Yes,8,Yes,No,No,No internet service,No internet service,No internet service,No internet service,No internet service,No internet service,Month-to-month,No,Credit card (automatic),21.05,139.75,2158
Male,Yes,Yes,No,23,Yes,No,Fiber optic,Yes,Yes,No,No,No,Yes,Month-to-month,Yes,Electronic check,90.0,2024.1,4999
Male,No,No,No,7,Yes,No,Fiber optic,Yes,No,No,No,No,No,Month-to-month,No,Mailed check,74.35,533.6,2463
Female,No,No,No,6,Yes,No,Fiber optic,No,No,No,No,No,No,Month-to-month,Yes,Mailed check,69.25,418.4,5816
Male,No,No,No,45,Yes,No,No,No internet service,No internet service,No internet service,No internet service,No internet service,No internet service,One year,No,Bank transfer (automatic),18.85,867.3,2653
Female,No,Yes,Yes,72,Yes,Yes,DSL,Yes,Yes,Yes,Yes,No,Yes,Two year,No,Bank transfer (automatic),80.85,5824.75,6317
Female,No,No,No,1,Yes,No,No,No internet service,No internet service,No internet service,No internet service,No internet service,No internet service,Month-to-month,Yes,Mailed check,20.35,20.35,2183
Female,No,Yes,Yes,23,Yes,Yes,No,No internet service,No internet service,No internet service,No internet service,No internet service,No internet service,Two year,No,Mailed check,23.85,625.65,5945
Male,No,Yes,No,72,Yes,No,Fiber optic,No,No,Yes,No,Yes,Yes,Month-to-month,Yes,Electronic check,94.65,6747.35,5943
Female,No,Yes,No,67,Yes,Yes,DSL,Yes,No,No,No,Yes,Yes,Two year,Yes,Electronic check,75.5,5229.45,5420
Female,No,Yes,No,43,No,No phone service,DSL,Yes,Yes,No,Yes,Yes,No,One year,Yes,Bank transfer (automatic),51.25,2151.6,5656
Male,No,No,No,1,Yes,No,DSL,No,No,No,No,No,No,Month-to-month,Yes,Electronic check,45.65,45.65,2600
Male,Yes,Yes,No,60,Yes,Yes,Fiber optic,No,Yes,Yes,No,Yes,Yes,One year,Yes,Electronic check,104.35,6339.45,4040
Male,No,No,No,2,Yes,No,Fiber optic,No,No,Yes,Yes,No,No,Month-to-month,Yes,Electronic check,79.85,152.45,3280
Female,No,No,No,1,Yes,No,Fiber optic,No,No,Yes,No,No,No,Month-to-month,No,Electronic check,75.55,75.55,3503
Male,No,Yes,No,72,Yes,Yes,DSL,Yes,Yes,Yes,Yes,No,Yes,Two year,No,Bank transfer (automatic),78.85,5763.15,5091
Female,No,Yes,Yes,32,Yes,Yes,Fiber optic,Yes,No,No,No,Yes,No,Month-to-month,No,Electronic check,89.6,2901.8,4444
Female,No,No,No,61,Yes,Yes,DSL,Yes,Yes,Yes,Yes,Yes,Yes,Two year,No,Electronic check,89.65,5308.7,6149
Female,No,Yes,Yes,64,Yes,Yes,Fiber optic,Yes,Yes,No,Yes,Yes,Yes,Two year,No,Bank transfer (automatic),110.3,6997.3,5574
Female,No,Yes,No,14,Yes,No,No,No internet service,No internet service,No internet service,No internet service,No internet service,No internet service,One year,No,Mailed check,19.55,294.5,5620
Female,No,No,No,13,Yes,No,Fiber optic,No,No,No,No,No,Yes,Month-to-month,Yes,Electronic check,80.5,1011.8,3895
Male,No,Yes,No,25,Yes,No,No,No internet service,No internet service,No internet service,No internet service,No internet service,No internet service,One year,Yes,Bank transfer (automatic),20.95,495.15,5682
Female,No,No,No,46,Yes,No,DSL,No,No,Yes,Yes,No,No,Two year,No,Credit card (automatic),54.35,2460.15,2793
Male,No,No,No,4,Yes,No,DSL,No,No,No,No,No,No,Month-to-month,Yes,Electronic check,45.9,199.75,3200
Male,No,No,No,47,Yes,No,No,No internet service,No internet service,No internet service,No internet service,No internet service,No internet service,Two year,No,Bank transfer (automatic),20.45,943.0,4342
Male,No,Yes,Yes,53,Yes,No,DSL,Yes,Yes,No,Yes,Yes,No,Two year,Yes,Mailed check,69.7,3729.6,4590
Male,No,Yes,No,9,Yes,No,DSL,No,No,Yes,No,Yes,Yes,Month-to-month,Yes,Mailed check,70.05,564.4,4900
Female,No,Yes,No,70,Yes,Yes,Fiber optic,Yes,Yes,Yes,No,Yes,Yes,One year,Yes,Credit card (automatic),108.15,7930.55,5192
Male,No,No,No,50,Yes,No,Fiber optic,Yes,Yes,Yes,Yes,No,No,One year,Yes,Credit card (automatic),90.1,4549.45,6435
Male,No,No,No,9,Yes,No,Fiber optic,No,No,Yes,No,No,No,Month-to-month,Yes,Electronic check,73.8,704.3,4895
Female,No,Yes,No,70,Yes,No,No,No internet service,No internet service,No internet service,No internet service,No internet service,No internet service,Two year,No,Bank transfer (automatic),19.8,1397.65,4500
Male,No,No,No,67,Yes,Yes,Fiber optic,Yes,Yes,Yes,Yes,Yes,Yes,One year,Yes,Bank transfer (automatic),118.35,7804.15,6255
Male,No,No,No,1,Yes,No,No,No internet service,No internet service,No internet service,No internet service,No internet service,No internet service,Month-to-month,Yes,Bank transfer (automatic),19.65,19.65,3075
Female,No,Yes,Yes,66,Yes,Yes,Fiber optic,No,No,No,No,No,No,One year,Yes,Bank transfer (automatic),74.25,4859.25,4395
Female,No,Yes,Yes,58,Yes,No,No,No internet service,No internet service,No internet service,No internet service,No internet service,No internet service,Two year,No,Credit card (automatic),20.3,1160.75,4424
Female,No,Yes,No,0,No,No phone service,DSL,Yes,No,Yes,Yes,Yes,No,Two year,Yes,Bank transfer (automatic),52.55,0.0,2578
Female,No,No,No,2,Yes,No,Fiber optic,No,No,No,No,No,No,Month-to-month,No,Electronic check,69.65,145.15,2323
Female,No,No,No,41,Yes,No,No,No internet service,No internet service,No internet service,No internet service,No internet service,No internet service,Two year,Yes,Mailed check,19.85,810.45,3523
Female,Yes,No,No,4,Yes,No,Fiber optic,No,No,No,No,Yes,No,Month-to-month,Yes,Electronic check,78.85,292.8,5301
Male,No,No,No,23,Yes,No,No,No internet service,No internet service,No internet service,No internet service,No internet service,No internet service,One year,No,Bank transfer (automatic),20.15,405.6,4402
Male,Yes,Yes,No,61,Yes,Yes,DSL,No,Yes,No,No,No,Yes,One year,No,Bank transfer (automatic),64.05,3902.6,4001
Female,No,No,Yes,8,Yes,No,No,No internet service,No internet service,No internet service,No internet service,No internet service,No internet service,Month-to-month,No,Mailed check,20.05,163.6,2675
Male,No,No,No,1,Yes,No,Fiber optic,No,Yes,No,No,No,No,Month-to-month,Yes,Electronic check,75.35,75.35,5284
Female,No,No,No,22,Yes,Yes,No,No internet service,No internet service,No internet service,No internet service,No internet service,No internet service,Two year,No,Mailed check,26.25,605.9,5676
Male,No,No,No,2,Yes,No,DSL,Yes,No,No,No,No,No,Month-to-month,Yes,Electronic check,47.8,92.45,4134
Female,No,Yes,No,55,Yes,Yes,Fiber optic,No,No,Yes,No,No,No,Month-to-month,Yes,Electronic check,77.75,4458.15,4398
Male,No,Yes,Yes,60,Yes,Yes,Fiber optic,No,No,No,No,No,No,Month-to-month,No,Bank transfer (automatic),74.35,4453.3,5100
Female,No,Yes,Yes,51,Yes,Yes,Fiber optic,Yes,No,No,Yes,Yes,No,One year,Yes,Mailed check,95.15,5000.05,6492
Female,No,No,No,7,Yes,No,Fiber optic,No,No,No,No,Yes,No,Month-to-month,Yes,Mailed check,80.3,526.7,3949
Female,Yes,No,No,2,Yes,No,Fiber optic,No,No,No,No,No,No,Month-to-month,Yes,Electronic check,69.6,131.65,4596
Female,No,No,No,35,Yes,Yes,Fiber optic,No,Yes,No,Yes,No,No,Month-to-month,No,Credit card (automatic),85.3,2917.5,2455
Female,No,No,No,70,Yes,Yes,DSL,Yes,Yes,Yes,Yes,Yes,Yes,Two year,No,Credit card (automatic),89.75,6367.2,5150
Male,No,No,No,1,Yes,No,Fiber optic,No,No,No,No,Yes,Yes,Month-to-month,Yes,Electronic check,89.25,89.25,5579
Female,No,Yes,Yes,30,Yes,Yes,No,No internet service,No internet service,No internet service,No internet service,No internet service,No internet service,Two year,Yes,Mailed check,25.1,789.55,5851
Female,No,No,No,8,Yes,No,DSL,Yes,No,No,No,No,No,Month-to-month,Yes,Electronic check,49.85,365.55,2269
Male,Yes,No,No,5,Yes,No,Fiber optic,No,No,No,No,No,No,Month-to-month,Yes,Mailed check,70.25,331.9,3684
Female,No,No,No,9,Yes,No,DSL,No,Yes,No,Yes,Yes,No,Month-to-month,No,Mailed check,66.25,620.55,5515
Male,No,No,No,11,Yes,No,Fiber optic,No,Yes,No,No,No,No,Month-to-month,Yes,Electronic check,74.55,824.75,4601
Male,No,Yes,Yes,63,No,No phone service,DSL,No,Yes,Yes,Yes,No,No,Two year,No,Bank transfer (automatic),39.35,2395.05,5374
Male,No,Yes,No,39,Yes,Yes,No,No internet service,No internet service,No internet service,No internet service,No internet service,No internet service,Two year,Yes,Mailed check,23.8,903.8,3970
Female,No,Yes,No,17,Yes,Yes,Fiber optic,Yes,No,Yes,No,Yes,No,Month-to-month,No,Electronic check,94.4,1607.2,4103
Female,No,No,No,14,Yes,Yes,DSL,No,Yes,No,No,No,No,One year,Yes,Mailed check,54.25,773.2,4423
Female,No,Yes,No,61,Yes,No,Fiber optic,Yes,Yes,No,Yes,No,Yes,One year,No,Bank transfer (automatic),93.7,5860.7,4300
Female,No,Yes,Yes,72,Yes,Yes,Fiber optic,Yes,Yes,Yes,Yes,Yes,Yes,Two year,Yes,Bank transfer (automatic),115.6,8220.4,5633
Male,Yes,Yes,No,40,Yes,No,DSL,No,No,No,No,No,Yes,One year,No,Electronic check,55.8,2283.3,3587
Female,No,Yes,Yes,1,Yes,No,No,No internet service,No internet service,No internet service,No internet service,No internet service,No internet service,Month-to-month,Yes,Credit card (automatic),20.15,20.15,4277
Female,No,No,No,47,No,No phone service,DSL,Yes,Yes,No,Yes,No,No,One year,No,Credit card (automatic),39.65,1798.65,4670
Male,No,Yes,No,34,Yes,No,Fiber optic,No,No,No,No,Yes,No,Month-to-month,No,Electronic check,78.3,2564.3,2777
Female,No,No,No,18,No,No phone service,DSL,Yes,Yes,No,Yes,No,No,One year,Yes,Mailed check,40.2,711.95,4624
Female,No,No,No,27,Yes,No,No,No internet service,No internet service,No internet service,No internet service,No internet service,No internet service,Two year,Yes,Bank transfer (automatic),20.25,538.2,5250
Female,No,Yes,Yes,46,Yes,No,No,No internet service,No internet service,No internet service,No internet service,No internet service,No internet service,Two year,No,Bank transfer (automatic),20.25,890.35,3879
Male,No,Yes,Yes,68,Yes,No,Fiber optic,Yes,Yes,No,Yes,No,Yes,Two year,No,Bank transfer (automatic),95.1,6683.4,5748
Female,No,No,No,3,Yes,No,No,No internet service,No internet service,No internet service,No internet service,No internet service,No internet service,Month-to-month,No,Mailed check,19.85,63.75,3398
Male,No,No,No,22,Yes,Yes,Fiber optic,No,No,No,No,Yes,Yes,Month-to-month,Yes,Credit card (automatic),94.65,2104.55,3665
Male,Yes,Yes,No,36,Yes,Yes,Fiber optic,No,Yes,No,No,Yes,Yes,Month-to-month,Yes,Electronic check,96.5,3436.1,4652
Male,No,Yes,Yes,28,No,No phone service,DSL,No,Yes,Yes,Yes,Yes,Yes,One year,Yes,Credit card (automatic),60.0,1682.05,2797
Female,No,No,No,51,Yes,No,No,No internet service,No internet service,No internet service,No internet service,No internet service,No internet service,One year,Yes,Bank transfer (automatic),19.85,996.95,5089
Female,No,No,No,4,Yes,Yes,Fiber optic,No,No,No,Yes,Yes,Yes,Month-to-month,Yes,Mailed check,100.85,399.25,5354
Male,No,No,No,26,Yes,No,Fiber optic,No,No,Yes,Yes,Yes,Yes,Month-to-month,Yes,Electronic check,98.65,2537.0,4191
Male,No,Yes,Yes,37,Yes,Yes,Fiber optic,No,Yes,Yes,No,Yes,No,Month-to-month,Yes,Electronic check,92.95,3415.25,3462
Female,No,No,No,1,Yes,No,DSL,No,No,No,No,No,No,Month-to-month,Yes,Credit card (automatic),44.55,44.55,5825
Female,No,No,No,5,Yes,No,No,No internet service,No internet service,No internet service,No internet service,No internet service,No internet service,Month-to-month,No,Credit card (automatic),19.85,108.05,3799
Male,No,No,No,22,Yes,Yes,Fiber optic,Yes,No,No,No,Yes,Yes,Month-to-month,Yes,Bank transfer (automatic),101.35,2317.1,4694
Male,No,Yes,No,56,Yes,Yes,No,No internet service,No internet service,No internet service,No internet service,No internet service,No internet service,One year,Yes,Mailed check,24.45,1431.65,5623
Male,No,No,No,35,Yes,No,No,No internet service,No internet service,No internet service,No internet service,No internet service,No internet service,One year,No,Bank transfer (automatic),20.6,754.0,2858
Male,No,No,No,11,Yes,No,Fiber optic,Yes,No,No,No,No,No,Month-to-month,Yes,Electronic check,73.5,791.75,4509
Female,Yes,No,No,67,Yes,Yes,DSL,No,Yes,No,No,No,No,Month-to-month,No,Electronic check,54.9,3725.5,4826
Male,No,Yes,Yes,13,Yes,No,DSL,No,Yes,Yes,Yes,No,No,Month-to-month,No,Bank transfer (automatic),61.8,750.1,4749
Male,No,No,No,40,No,No phone service,DSL,No,Yes,No,Yes,No,No,One year,No,Credit card (automatic),36.0,1382.9,5323
Male,Yes,No,No,1,Yes,No,DSL,No,No,No,No,No,No,Month-to-month,No,Electronic check,46.3,46.3,2546
Female,No,Yes,Yes,69,No,No phone service,DSL,Yes,Yes,Yes,Yes,No,No,Two year,No,Bank transfer (automatic),46.25,3121.4,4180
Male,No,No,No,15,No,No phone service,DSL,No,No,No,Yes,No,No,Month-to-month,Yes,Electronic check,29.7,438.25,5518
Male,No,No,No,11,Yes,No,No,No internet service,No internet service,No internet service,No internet service,No internet service,No internet service,Month-to-month,No,Mailed check,20.35,215.25,5597
Female,No,No,No,2,Yes,No,No,No internet service,No internet service,No internet service,No internet service,No internet service,No internet service,Month-to-month,No,Mailed check,20.1,39.8,2051
Male,No,Yes,Yes,2,Yes,No,No,No internet service,No internet service,No internet service,No internet service,No internet service,No internet service,Month-to-month,No,Mailed check,20.3,40.25,5113
Female,Yes,Yes,No,35,Yes,Yes,Fiber optic,No,No,Yes,No,Yes,Yes,Month-to-month,No,Bank transfer (automatic),102.05,3452.55,3199
Female,No,Yes,Yes,68,Yes,No,DSL,Yes,Yes,Yes,Yes,Yes,Yes,Two year,Yes,Credit card (automatic),85.0,5607.75,6221
Male,No,Yes,No,70,Yes,Yes,DSL,Yes,No,Yes,Yes,No,Yes,Two year,No,Credit card (automatic),77.3,5498.2,6252
Male,No,No,No,52,No,No phone service,DSL,No,Yes,No,No,No,No,One year,No,Mailed check,30.1,1623.4,6290
Male,Yes,Yes,No,16,Yes,Yes,Fiber optic,No,No,No,No,Yes,No,Month-to-month,Yes,Credit card (automatic),85.05,1391.15,3739
Male,No,No,No,6,Yes,No,No,No internet service,No internet service,No internet service,No internet service,No internet service,No internet service,One year,No,Mailed check,19.15,124.4,5322
Female,Yes,No,No,16,Yes,Yes,Fiber optic,No,No,No,No,Yes,No,Month-to-month,Yes,Electronic check,84.75,1350.15,5136
Female,No,Yes,Yes,68,Yes,Yes,Fiber optic,Yes,No,Yes,Yes,Yes,Yes,Two year,No,Credit card (automatic),111.75,7511.3,4967
Male,No,No,No,12,Yes,Yes,Fiber optic,No,No,No,Yes,Yes,Yes,Month-to-month,Yes,Mailed check,99.95,1132.75,5598
Male,No,Yes,No,50,Yes,Yes,Fiber optic,Yes,Yes,No,No,No,Yes,Month-to-month,Yes,Credit card (automatic),94.4,4914.9,5548
Male,No,Yes,No,61,Yes,No,No,No internet service,No internet service,No internet service,No internet service,No internet service,No internet service,Two year,No,Credit card (automatic),20.55,1305.95,4446
Male,No,No,No,4,Yes,No,DSL,No,Yes,No,No,No,No,Month-to-month,No,Mailed check,49.25,208.45,3272
Male,Yes,Yes,No,13,Yes,Yes,Fiber optic,No,No,No,No,Yes,Yes,Month-to-month,Yes,Electronic check,95.25,1233.65,2982
Female,No,No,No,19,Yes,Yes,Fiber optic,Yes,Yes,No,No,No,Yes,Month-to-month,Yes,Electronic check,95.15,1789.25,5830
Female,No,Yes,No,46,Yes,No,DSL,No,Yes,No,No,Yes,Yes,Month-to-month,Yes,Credit card (automatic),69.1,3168.0,2333
Female,No,Yes,Yes,32,Yes,No,DSL,Yes,Yes,Yes,Yes,No,Yes,Month-to-month,No,Bank transfer (automatic),76.3,2404.15,5324
Male,No,Yes,No,42,No,No phone service,DSL,Yes,No,No,No,Yes,No,Month-to-month,Yes,Bank transfer (automatic),40.15,1626.05,4348
Male,No,No,No,4,No,No phone service,DSL,No,No,No,Yes,No,Yes,Month-to-month,Yes,Electronic check,40.05,162.45,2664
Female,No,Yes,Yes,70,Yes,Yes,DSL,Yes,Yes,Yes,Yes,Yes,Yes,Two year,Yes,Bank transfer (automatic),89.0,6293.2,5650
Male,Yes,No,No,47,Yes,Yes,DSL,No,Yes,No,Yes,No,No,Two year,No,Bank transfer (automatic),59.6,2754.0,3155
Male,No,Yes,No,64,Yes,Yes,Fiber optic,Yes,Yes,Yes,No,No,No,One year,No,Bank transfer (automatic),89.45,5692.65,5519
Female,No,No,No,1,Yes,No,No,No internet service,No internet service,No internet service,No internet service,No internet service,No internet service,Month-to-month,Yes,Bank transfer (automatic),19.25,19.25,4745
Male,No,Yes,No,65,Yes,Yes,Fiber optic,Yes,No,Yes,Yes,Yes,Yes,Two year,No,Bank transfer (automatic),108.65,6937.95,6120
Female,No,Yes,No,61,No,No phone service,DSL,No,Yes,Yes,Yes,Yes,No,Two year,No,Credit card (automatic),51.35,3244.4,4159
Female,No,No,Yes,2,Yes,No,DSL,Yes,No,No,No,No,Yes,Month-to-month,Yes,Credit card (automatic),61.2,125.95,5056
Male,Yes,Yes,No,21,Yes,No,Fiber optic,No,No,No,No,No,No,Month-to-month,Yes,Electronic check,69.1,1474.75,3853
Female,No,No,No,2,Yes,No,Fiber optic,No,No,Yes,No,No,Yes,Month-to-month,Yes,Mailed check,86.2,178.7,2969
Male,No,Yes,No,39,Yes,No,Fiber optic,No,Yes,No,No,Yes,No,Month-to-month,Yes,Mailed check,86.3,3266.0,3364
Female,No,Yes,No,37,Yes,Yes,Fiber optic,Yes,No,Yes,Yes,No,Yes,One year,Yes,Electronic check,99.2,3754.6,3599
Female,No,Yes,No,8,Yes,No,Fiber optic,No,No,Yes,No,Yes,Yes,Month-to-month,Yes,Electronic check,94.2,777.3,2939
Male,Yes,Yes,No,54,Yes,Yes,Fiber optic,No,Yes,Yes,Yes,Yes,Yes,Two year,Yes,Electronic check,110.45,6077.75,4425
Female,Yes,Yes,No,56,Yes,Yes,Fiber optic,Yes,Yes,Yes,Yes,No,No,One year,No,Electronic check,95.65,5471.75,6335
Male,No,Yes,No,60,Yes,No,Fiber optic,No,Yes,Yes,No,Yes,No,One year,No,Electronic check,90.95,5453.4,4111
Male,No,Yes,No,68,Yes,Yes,DSL,No,Yes,Yes,Yes,No,Yes,One year,Yes,Bank transfer (automatic),75.8,5293.95,4903
Female,No,No,No,1,Yes,No,DSL,No,No,No,No,No,Yes,Month-to-month,Yes,Mailed check,54.75,54.75,2614
Male,No,Yes,No,32,Yes,No,DSL,Yes,Yes,No,Yes,No,Yes,One year,No,Mailed check,70.5,2201.75,5870
Male,No,Yes,Yes,71,Yes,No,Fiber optic,Yes,Yes,Yes,Yes,Yes,Yes,Two year,No,Credit card (automatic),109.3,7782.85,5737
Female,No,Yes,No,3,Yes,Yes,Fiber optic,No,No,No,No,No,Yes,Month-to-month,Yes,Bank transfer (automatic),84.75,264.85,2014
Male,No,Yes,No,71,Yes,Yes,Fiber optic,Yes,Yes,Yes,Yes,Yes,Yes,Two year,Yes,Bank transfer (automatic),116.1,8310.55,5027
Male,No,Yes,Yes,1,Yes,No,No,No internet service,No internet service,No internet service,No internet service,No internet service,No internet service,Month-to-month,No,Electronic check,19.75,19.75,3068
Male,No,Yes,No,20,Yes,No,Fiber optic,No,No,No,No,Yes,Yes,Month-to-month,Yes,Mailed check,89.0,1820.45,4594
Female,No,No,No,18,No,No phone service,DSL,No,No,No,No,No,Yes,Month-to-month,Yes,Electronic check,35.0,553.0,2649
Male,No,No,No,20,Yes,No,DSL,Yes,No,Yes,No,No,Yes,Month-to-month,No,Credit card (automatic),64.4,1398.6,2120
Female,No,No,Yes,2,Yes,No,Fiber optic,No,No,No,No,No,No,Month-to-month,Yes,Electronic check,70.7,151.65,2701
Female,No,Yes,Yes,40,Yes,Yes,Fiber optic,No,Yes,Yes,No,Yes,No,Month-to-month,Yes,Credit card (automatic),96.35,3915.4,2004
Female,No,No,No,35,Yes,No,No,No internet service,No internet service,No internet service,No internet service,No internet service,No internet service,One year,No,Mailed check,20.75,700.45,4261
Female,No,Yes,Yes,56,Yes,Yes,DSL,Yes,Yes,No,No,No,Yes,One year,No,Bank transfer (automatic),68.75,3815.4,6494
Male,No,No,No,30,Yes,Yes,Fiber optic,Yes,No,No,No,Yes,Yes,Month-to-month,Yes,Bank transfer (automatic),100.4,2936.25,3778
Male,No,Yes,Yes,72,Yes,Yes,DSL,Yes,No,Yes,Yes,Yes,Yes,Two year,Yes,Credit card (automatic),83.55,6093.3,5940
Female,No,No,No,42,Yes,No,Fiber optic,No,Yes,Yes,Yes,Yes,Yes,Month-to-month,Yes,Bank transfer (automatic),103.8,4327.5,4005
Female,No,No,No,21,Yes,No,DSL,Yes,Yes,No,Yes,Yes,No,Two year,No,Credit card (automatic),71.05,1524.85,5138
Male,No,Yes,No,5,Yes,No,No,No internet service,No internet service,No internet service,No internet service,No internet service,No internet service,One year,No,Mailed check,20.1,85.1,2894
Male,No,No,No,51,Yes,Yes,Fiber optic,Yes,Yes,No,No,Yes,No,One year,Yes,Electronic check,94.8,4837.6,5074
Male,No,Yes,No,47,Yes,No,No,No internet service,No internet service,No internet service,No internet service,No internet service,No internet service,One year,No,Bank transfer (automatic),19.9,942.95,5394
Male,No,Yes,Yes,46,Yes,No,No,No internet service,No internet service,No internet service,No internet service,No internet service,No internet service,Two year,Yes,Mailed check,20.2,917.45,3136
Female,No,Yes,No,62,Yes,No,DSL,Yes,Yes,Yes,No,Yes,No,Two year,Yes,Credit card (automatic),72.0,4284.2,6489
Male,No,No,No,19,Yes,No,Fiber optic,No,No,No,Yes,No,Yes,One year,Yes,Credit card (automatic),87.7,1725.95,4446
Female,No,No,No,32,Yes,Yes,Fiber optic,No,No,No,No,Yes,No,One year,No,Electronic check,84.05,2781.85,3553
Male,No,No,No,52,Yes,Yes,Fiber optic,Yes,No,Yes,Yes,Yes,Yes,Two year,Yes,Electronic check,109.3,5731.4,5624
Male,No,Yes,Yes,4,Yes,No,No,No internet service,No internet service,No internet service,No internet service,No internet service,No internet service,Two year,No,Credit card (automatic),19.5,96.85,5390
Female,No,Yes,Yes,63,Yes,No,DSL,Yes,No,No,No,No,No,Two year,Yes,Bank transfer (automatic),50.65,3221.25,4847
Male,No,No,No,10,Yes,Yes,DSL,Yes,No,No,No,No,No,Month-to-month,Yes,Credit card (automatic),54.5,568.2,4163
Male,No,No,Yes,6,Yes,No,No,No internet service,No internet service,No internet service,No internet service,No internet service,No internet service,Month-to-month,No,Mailed check,19.55,128.6,2309
Female,Yes,Yes,No,56,Yes,Yes,Fiber optic,No,No,Yes,No,Yes,Yes,Month-to-month,Yes,Bank transfer (automatic),100.65,5688.05,4803
Male,No,No,No,54,Yes,No,DSL,Yes,Yes,No,Yes,Yes,No,Month-to-month,Yes,Mailed check,69.9,3883.3,6092
Male,No,No,No,15,Yes,Yes,Fiber optic,No,No,No,No,No,No,Month-to-month,Yes,Mailed check,76.0,1130.85,4938
Female,No,Yes,No,20,Yes,No,Fiber optic,No,No,Yes,Yes,No,No,Month-to-month,Yes,Mailed check,81.0,1683.7,4741
Male,Yes,No,No,21,Yes,No,Fiber optic,No,No,Yes,No,Yes,Yes,Month-to-month,Yes,Bank transfer (automatic),96.8,2030.3,4317
Male,No,Yes,Yes,25,Yes,No,DSL,Yes,No,No,Yes,No,No,Month-to-month,No,Electronic check,54.3,1296.8,3971
Male,Yes,Yes,No,62,Yes,Yes,Fiber optic,No,Yes,No,No,No,Yes,Month-to-month,Yes,Bank transfer (automatic),89.8,5629.55,4981
Female,No,Yes,No,66,Yes,Yes,Fiber optic,No,Yes,Yes,No,Yes,Yes,Month-to-month,Yes,Electronic check,105.2,6936.85,4016
Male,No,Yes,No,59,Yes,Yes,Fiber optic,Yes,Yes,Yes,Yes,Yes,No,Month-to-month,Yes,Electronic check,106.75,6252.9,4508
Male,No,Yes,Yes,71,Yes,Yes,Fiber optic,Yes,No,Yes,No,Yes,Yes,Two year,No,Electronic check,105.55,7405.5,5010
Female,No,Yes,Yes,16,Yes,Yes,Fiber optic,Yes,No,Yes,Yes,Yes,Yes,Month-to-month,Yes,Electronic check,112.95,1882.55,2683
Female,No,Yes,No,31,Yes,No,DSL,Yes,No,No,Yes,No,Yes,One year,Yes,Electronic check,64.0,1910.75,5191
Male,No,No,Yes,14,Yes,No,DSL,Yes,Yes,Yes,Yes,No,Yes,Two year,No,Bank transfer (automatic),76.1,1054.8,2045
Female,No,Yes,Yes,11,Yes,No,No,No internet service,No internet service,No internet service,No internet service,No internet service,No internet service,One year,Yes,Mailed check,20.0,196.35,5837
Male,Yes,Yes,No,4,No,No phone service,DSL,No,No,Yes,No,No,No,Month-to-month,Yes,Electronic check,29.9,118.25,2914
Male,No,No,No,30,Yes,Yes,Fiber optic,No,No,No,Yes,No,Yes,Month-to-month,Yes,Credit card (automatic),89.9,2723.15,3233
Male,No,No,No,7,Yes,No,DSL,No,No,No,No,No,No,Month-to-month,Yes,Bank transfer (automatic),44.65,322.5,4300
Male,No,Yes,No,44,Yes,No,DSL,Yes,Yes,No,Yes,No,No,One year,Yes,Bank transfer (automatic),59.85,2603.95,5981
Male,No,Yes,Yes,42,Yes,No,No,No internet service,No internet service,No internet service,No internet service,No internet service,No internet service,Two year,No,Mailed check,20.7,828.85,5320
Male,No,No,No,1,Yes,No,DSL,No,No,No,No,No,Yes,Month-to-month,Yes,Electronic check,55.0,55.0,4877
Male,No,Yes,No,69,Yes,No,DSL,Yes,Yes,Yes,Yes,Yes,Yes,Two year,Yes,Mailed check,84.7,5878.9,5345
Male,Yes,Yes,No,44,Yes,Yes,Fiber optic,No,No,Yes,No,Yes,No,Month-to-month,Yes,Electronic check,89.2,4040.2,2925
Male,No,No,No,15,Yes,Yes,DSL,No,Yes,No,Yes,No,No,Month-to-month,Yes,Credit card (automatic),58.6,939.7,2003
Male,No,No,No,54,Yes,No,No,No internet service,No internet service,No internet service,No internet service,No internet service,No internet service,Two year,No,Mailed check,20.0,1149.65,6094
Male,No,No,Yes,21,Yes,No,No,No internet service,No internet service,No internet service,No internet service,No internet service,No internet service,Two year,No,Mailed check,19.6,397.0,2447
Female,No,Yes,Yes,23,Yes,Yes,Fiber optic,No,No,No,No,Yes,No,Month-to-month,Yes,Electronic check,83.75,1849.95,3585
Female,No,No,No,2,No,No phone service,DSL,No,Yes,No,No,Yes,Yes,Month-to-month,No,Electronic check,51.4,96.8,2580
Male,No,No,No,7,Yes,No,Fiber optic,No,No,No,No,No,No,Month-to-month,Yes,Electronic check,69.55,521.35,4704
Female,No,Yes,Yes,46,Yes,No,No,No internet service,No internet service,No internet service,No internet service,No internet service,No internet service,Two year,Yes,Mailed check,19.25,864.2,5596
Male,Yes,Yes,No,7,Yes,Yes,DSL,Yes,Yes,No,Yes,No,No,Month-to-month,No,Electronic check,64.2,475.0,5116
Female,No,No,No,48,Yes,No,DSL,Yes,Yes,No,No,No,No,Two year,No,Credit card (automatic),55.5,2627.35,4975
Female,No,Yes,No,56,Yes,Yes,Fiber optic,No,Yes,No,No,Yes,Yes,One year,Yes,Electronic check,98.25,5508.35,4886
Male,No,No,No,58,Yes,No,No,No internet service,No internet service,No internet service,No internet service,No internet service,No internet service,Two year,No,Mailed check,20.8,1212.25,4758
Male,Yes,Yes,No,16,Yes,Yes,Fiber optic,No,No,Yes,No,Yes,Yes,Month-to-month,Yes,Electronic check,98.75,1587.55,3392
Male,No,No,Yes,1,Yes,No,No,No internet service,No internet service,No internet service,No internet service,No internet service,No internet service,Month-to-month,Yes,Mailed check,21.05,21.05,3389
Male,No,Yes,No,58,Yes,No,DSL,Yes,Yes,Yes,No,No,No,One year,No,Credit card (automatic),60.3,3563.8,4026
Female,No,Yes,No,24,Yes,No,No,No internet service,No internet service,No internet service,No internet service,No internet service,No internet service,One year,No,Mailed check,20.15,456.85,3573
Female,No,Yes,No,26,Yes,Yes,Fiber optic,No,Yes,No,No,No,No,Month-to-month,No,Bank transfer (automatic),79.3,2015.8,5168
Male,No,Yes,Yes,69,Yes,No,No,No internet service,No internet service,No internet service,No internet service,No internet service,No internet service,Two year,No,Bank transfer (automatic),20.2,1376.5,5463
Female,No,Yes,No,8,Yes,Yes,Fiber optic,No,No,No,No,No,Yes,Month-to-month,Yes,Electronic check,84.9,764.95,2656
Female,No,Yes,No,58,No,No phone service,DSL,Yes,Yes,No,No,Yes,No,One year,Yes,Electronic check,45.35,2540.1,5137
Female,No,No,Yes,22,Yes,No,No,No internet service,No internet service,No internet service,No internet service,No internet service,No internet service,Month-to-month,Yes,Electronic check,20.55,469.85,3169
Male,No,Yes,No,70,Yes,No,Fiber optic,Yes,Yes,Yes,Yes,No,Yes,Two year,No,Credit card (automatic),101.0,7085.5,5025
Male,No,Yes,Yes,12,Yes,Yes,No,No internet service,No internet service,No internet service,No internet service,No internet service,No internet service,Two year,Yes,Bank transfer (automatic),25.4,313.0,2219
Male,No,Yes,Yes,4,Yes,No,No,No internet service,No internet service,No internet service,No internet service,No internet service,No internet service,Two year,No,Mailed check,19.9,76.65,2347
Male,No,Yes,No,5,No,No phone service,DSL,No,No,No,No,No,No,Month-to-month,Yes,Electronic check,24.95,100.4,5865
Male,No,No,No,38,Yes,Yes,Fiber optic,No,No,Yes,Yes,Yes,No,One year,No,Bank transfer (automatic),95.0,3605.6,4741
Female,No,No,No,2,Yes,No,Fiber optic,Yes,No,Yes,No,No,No,Month-to-month,Yes,Electronic check,80.45,137.1,5602
Female,No,Yes,No,59,Yes,Yes,DSL,Yes,Yes,No,Yes,No,No,One year,No,Mailed check,65.5,3801.3,5631
Male,No,Yes,Yes,47,Yes,No,Fiber optic,Yes,No,Yes,No,No,Yes,Month-to-month,No,Electronic check,90.05,4137.2,3291
Female,No,No,No,21,Yes,No,DSL,Yes,No,Yes,Yes,No,No,One year,Yes,Electronic check,60.25,1258.35,4870
Female,Yes,No,Yes,15,Yes,Yes,Fiber optic,No,No,No,No,No,No,Month-to-month,Yes,Mailed check,74.45,1145.7,5717
Female,No,Yes,Yes,5,No,No phone service,DSL,No,Yes,No,No,No,No,Month-to-month,Yes,Electronic check,30.5,167.2,5973
Female,No,No,No,15,Yes,No,DSL,No,No,Yes,No,No,Yes,Month-to-month,Yes,Electronic check,59.45,892.65,5129
Male,No,Yes,Yes,72,Yes,Yes,Fiber optic,No,Yes,Yes,No,Yes,Yes,One year,Yes,Credit card (automatic),104.45,7459.0,4750
Female,No,Yes,No,45,Yes,No,DSL,No,No,Yes,No,No,No,Month-to-month,Yes,Credit card (automatic),50.25,2221.55,2036
Female,No,Yes,Yes,48,No,No phone service,DSL,Yes,Yes,No,Yes,No,No,Two year,No,Mailed check,39.4,1978.65,5701
Male,Yes,No,No,17,Yes,No,Fiber optic,No,Yes,Yes,No,Yes,Yes,Month-to-month,Yes,Electronic check,101.8,1752.45,3296
Male,No,No,No,27,Yes,No,DSL,Yes,No,No,No,No,No,Month-to-month,No,Mailed check,50.35,1411.35,5578
Male,No,Yes,Yes,45,Yes,Yes,Fiber optic,No,Yes,Yes,Yes,Yes,Yes,Two year,Yes,Bank transfer (automatic),109.75,4900.65,4221
Female,No,Yes,No,10,Yes,Yes,Fiber optic,No,Yes,Yes,No,Yes,Yes,Month-to-month,Yes,Credit card (automatic),102.1,1068.85,3596
Male,No,No,No,1,Yes,No,DSL,No,No,No,Yes,No,No,Month-to-month,Yes,Electronic check,49.3,49.3,4209
Male,No,No,No,22,Yes,No,Fiber optic,No,Yes,Yes,Yes,No,Yes,Month-to-month,Yes,Bank transfer (automatic),94.95,2142.8,4242
Male,No,No,No,20,Yes,No,Fiber optic,No,No,No,No,No,No,Month-to-month,No,Credit card (automatic),70.55,1493.55,5790
Female,No,Yes,Yes,7,No,No phone service,DSL,No,No,No,No,No,No,Month-to-month,Yes,Electronic check,24.7,149.05,3872
Male,No,No,No,1,Yes,No,DSL,Yes,No,No,No,No,No,Month-to-month,Yes,Mailed check,50.7,50.7,3007
Male,No,Yes,No,24,Yes,No,DSL,Yes,No,No,Yes,No,No,Month-to-month,No,Mailed check,53.6,1315.35,2977
Male,No,Yes,Yes,68,Yes,Yes,No,No internet service,No internet service,No internet service,No internet service,No internet service,No internet service,Two year,Yes,Bank transfer (automatic),24.0,1664.3,5440
Male,Yes,No,No,20,Yes,Yes,Fiber optic,No,No,No,No,Yes,No,Month-to-month,Yes,Electronic check,84.35,1745.2,4915
Male,No,Yes,No,25,No,No phone service,DSL,No,No,Yes,No,Yes,No,One year,Yes,Credit card (automatic),38.1,970.4,2315
Male,Yes,No,No,1,No,No phone service,DSL,No,Yes,Yes,No,No,Yes,Month-to-month,Yes,Electronic check,43.3,43.3,4972
Female,Yes,No,No,64,No,No phone service,DSL,No,Yes,No,Yes,Yes,No,Month-to-month,Yes,Electronic check,43.85,2751.0,6055
Female,No,Yes,No,64,Yes,No,Fiber optic,Yes,No,Yes,No,Yes,Yes,Two year,Yes,Bank transfer (automatic),99.0,6375.8,5483
Female,No,Yes,Yes,20,Yes,Yes,No,No internet service,No internet service,No internet service,No internet service,No internet service,No internet service,Month-to-month,Yes,Bank transfer (automatic),25.55,507.4,3235
Female,No,No,No,35,Yes,No,Fiber optic,No,No,Yes,Yes,Yes,Yes,One year,Yes,Electronic check,99.25,3532.0,3244
Male,No,Yes,Yes,72,Yes,Yes,Fiber optic,Yes,Yes,Yes,Yes,Yes,Yes,Two year,Yes,Credit card (automatic),114.3,8058.55,5879
Male,No,No,No,43,Yes,Yes,Fiber optic,No,No,No,No,Yes,Yes,One year,No,Mailed check,94.35,3921.3,5845
Male,No,No,Yes,53,Yes,No,Fiber optic,Yes,Yes,Yes,No,No,Yes,One year,No,Electronic check,95.95,5036.9,4523
Male,No,No,No,69,Yes,Yes,No,No internet service,No internet service,No internet service,No internet service,No internet service,No internet service,Two year,No,Bank transfer (automatic),23.95,1713.1,6059
Male,No,No,No,1,Yes,No,DSL,No,No,Yes,No,No,No,Month-to-month,Yes,Mailed check,49.65,49.65,5338
Male,No,No,No,32,Yes,No,Fiber optic,Yes,Yes,Yes,No,No,Yes,Month-to-month,Yes,Credit card (automatic),93.4,2979.3,3224
Female,No,Yes,No,71,Yes,No,No,No internet service,No internet service,No internet service,No internet service,No internet service,No internet service,Two year,No,Credit card (automatic),19.1,1372.45,4241
Male,No,No,No,33,Yes,No,No,No internet service,No internet service,No internet service,No internet service,No internet service,No internet service,Two year,No,Mailed check,20.35,689.75,2507
Male,No,No,No,10,Yes,No,No,No internet service,No internet service,No internet service,No internet service,No internet service,No internet service,Month-to-month,Yes,Mailed check,19.85,193.05,3768
Female,No,Yes,Yes,37,Yes,Yes,No,No internet service,No internet service,No internet service,No internet service,No internet service,No internet service,Month-to-month,No,Mailed check,26.45,911.6,5359
Male,No,Yes,Yes,7,Yes,No,DSL,Yes,No,Yes,Yes,No,Yes,Month-to-month,Yes,Credit card (automatic),71.35,515.75,3459
Male,No,No,No,57,No,No phone service,DSL,Yes,No,Yes,No,Yes,Yes,Month-to-month,Yes,Electronic check,53.75,3196.0,5594
Female,No,No,No,47,Yes,No,No,No internet service,No internet service,No internet service,No internet service,No internet service,No internet service,Two year,No,Credit card (automatic),20.25,1029.8,5134
Female,No,Yes,No,5,Yes,No,Fiber optic,No,No,No,No,No,No,Month-to-month,Yes,Electronic check,68.95,351.5,5536
Male,No,Yes,No,61,Yes,Yes,Fiber optic,No,Yes,Yes,No,Yes,Yes,Month-to-month,Yes,Electronic check,105.55,6281.45,5011
Female,No,Yes,No,72,Yes,No,DSL,Yes,Yes,Yes,Yes,Yes,Yes,Two year,Yes,Bank transfer (automatic),83.7,6096.9,4592
Male,No,Yes,Yes,35,Yes,No,No,No internet service,No internet service,No internet service,No internet service,No internet service,No internet service,Two year,No,Mailed check,19.6,686.95,3764
Male,Yes,No,No,56,Yes,Yes,Fiber optic,No,No,Yes,No,Yes,Yes,Month-to-month,Yes,Electronic check,101.05,5594.0,5514
Female,Yes,Yes,No,36,Yes,Yes,Fiber optic,No,Yes,No,No,Yes,No,Month-to-month,Yes,Credit card (automatic),91.95,3301.05,3273
Male,No,No,No,20,Yes,Yes,Fiber optic,No,No,No,Yes,Yes,Yes,Month-to-month,Yes,Mailed check,98.55,2031.95,3300
Female,No,Yes,Yes,38,Yes,No,No,No internet service,No internet service,No internet service,No internet service,No internet service,No internet service,Month-to-month,No,Mailed check,20.45,781.25,5587
Female,No,No,No,43,Yes,Yes,Fiber optic,No,Yes,Yes,No,Yes,Yes,Two year,Yes,Electronic check,104.6,4759.85,5250
Female,Yes,No,No,8,Yes,No,Fiber optic,No,Yes,No,No,Yes,No,Month-to-month,Yes,Electronic check,87.1,713.6,3950
Male,No,No,No,9,Yes,No,No,No internet service,No internet service,No internet service,No internet service,No internet service,No internet service,One year,Yes,Electronic check,19.9,164.6,3643
Male,No,Yes,Yes,67,Yes,Yes,Fiber optic,Yes,Yes,No,Yes,No,No,One year,No,Electronic check,89.55,6038.55,6194
Male,No,No,No,1,Yes,No,DSL,No,No,No,No,No,No,Month-to-month,No,Mailed check,44.45,44.45,3498
Female,No,No,No,54,Yes,Yes,Fiber optic,Yes,No,Yes,No,Yes,Yes,One year,Yes,Bank transfer (automatic),103.95,5639.05,6117
Male,Yes,No,No,1,Yes,No,No,No internet service,No internet service,No internet service,No internet service,No internet service,No internet service,Month-to-month,No,Mailed check,20.05,20.05,3491
Female,No,Yes,Yes,23,Yes,No,Fiber optic,Yes,Yes,No,Yes,No,No,Month-to-month,No,Mailed check,84.4,1936.85,2177
Female,Yes,No,No,20,Yes,Yes,Fiber optic,No,Yes,Yes,No,No,Yes,Month-to-month,Yes,Electronic check,94.1,1782.4,2666
Female,No,Yes,Yes,14,Yes,Yes,Fiber optic,No,No,No,No,Yes,No,Month-to-month,Yes,Electronic check,84.8,1203.9,2452
Female,Yes,No,No,18,Yes,No,DSL,No,Yes,No,No,No,No,Month-to-month,Yes,Credit card (automatic),49.85,865.75,3283
Male,No,Yes,No,52,Yes,No,Fiber optic,Yes,No,No,No,Yes,No,Month-to-month,No,Electronic check,84.1,4348.65,6216
Female,No,No,No,1,Yes,No,No,No internet service,No internet service,No internet service,No internet service,No internet service,No internet service,Month-to-month,No,Mailed check,20.9,20.9,5421
Female,No,No,No,38,Yes,No,No,No internet service,No internet service,No internet service,No internet service,No internet service,No internet service,One year,No,Mailed check,19.3,755.5,4705
Female,No,No,No,5,Yes,Yes,Fiber optic,No,No,No,No,No,No,Month-to-month,No,Electronic check,75.55,413.65,4600
Male,No,No,No,1,Yes,No,No,No internet service,No internet service,No internet service,No internet service,No internet service,No internet service,Month-to-month,Yes,Mailed check,19.6,19.6,3448
Male,Yes,No,No,26,Yes,Yes,Fiber optic,No,No,No,No,Yes,Yes,Month-to-month,Yes,Electronic check,93.6,2404.1,4030
Female,Yes,Yes,No,66,Yes,Yes,Fiber optic,No,Yes,Yes,Yes,Yes,Yes,One year,Yes,Credit card (automatic),108.1,7181.95,5360
Male,No,Yes,No,51,Yes,No,DSL,Yes,Yes,No,Yes,No,No,Two year,No,Credit card (automatic),60.5,3121.45,4994
Male,No,No,No,10,Yes,Yes,Fiber optic,No,No,No,No,No,No,Month-to-month,No,Electronic check,75.05,786.3,3399
Male,No,No,No,5,Yes,No,No,No internet service,No internet service,No internet service,No internet service,No internet service,No internet service,Month-to-month,No,Mailed check,21.05,113.85,2604
Male,No,Yes,No,4,Yes,No,Fiber optic,No,No,No,No,No,No,Month-to-month,No,Electronic check,70.5,294.2,2896
Female,No,Yes,No,59,Yes,Yes,Fiber optic,Yes,Yes,No,No,Yes,No,Month-to-month,Yes,Electronic check,94.75,5597.65,5238
Female,Yes,Yes,No,5,Yes,Yes,Fiber optic,No,No,No,No,No,No,Month-to-month,Yes,Electronic check,74.35,334.8,5273
Female,No,No,No,5,Yes,No,DSL,Yes,No,No,Yes,Yes,No,Month-to-month,Yes,Electronic check,64.35,352.65,4771
Female,No,Yes,No,3,Yes,No,DSL,No,No,No,No,No,No,Month-to-month,Yes,Mailed check,46.1,130.15,4047
Female,No,No,No,48,No,No phone service,DSL,Yes,Yes,No,No,Yes,No,Month-to-month,Yes,Electronic check,44.8,2104.55,2469
Female,No,Yes,No,72,Yes,Yes,No,No internet service,No internet service,No internet service,No internet service,No internet service,No internet service,Two year,No,Credit card (automatic),24.85,1871.85,4067
Female,No,No,No,12,Yes,Yes,Fiber optic,Yes,No,No,No,No,No,Month-to-month,Yes,Electronic check,79.8,1001.2,5906
Male,Yes,No,No,2,Yes,No,Fiber optic,No,Yes,Yes,Yes,No,Yes,Month-to-month,Yes,Credit card (automatic),95.1,180.25,4486
Female,No,Yes,No,72,Yes,Yes,Fiber optic,No,Yes,Yes,Yes,Yes,Yes,One year,No,Credit card (automatic),109.15,7789.6,4807
Male,No,Yes,No,18,Yes,No,DSL,No,No,No,No,No,No,Month-to-month,Yes,Bank transfer (automatic),44.35,768.05,2935
Female,No,Yes,No,45,Yes,No,DSL,Yes,No,Yes,Yes,Yes,Yes,Two year,Yes,Mailed check,81.0,3533.6,2934
Female,No,No,No,31,Yes,Yes,Fiber optic,No,No,No,No,No,No,Month-to-month,Yes,Electronic check,76.05,2227.8,2421
Male,No,No,No,10,Yes,No,No,No internet service,No internet service,No internet service,No internet service,No internet service,No internet service,Month-to-month,No,Credit card (automatic),20.0,198.7,2411
Male,Yes,Yes,No,41,Yes,Yes,Fiber optic,Yes,No,Yes,No,No,No,Month-to-month,Yes,Bank transfer (automatic),83.75,3273.55,4995
Female,No,No,No,2,Yes,Yes,DSL,No,No,No,No,No,No,Month-to-month,Yes,Electronic check,49.4,106.55,5115
Female,No,No,No,2,Yes,No,Fiber optic,No,No,No,No,No,No,Month-to-month,No,Electronic check,68.95,119.75,5225
Male,No,Yes,Yes,56,Yes,No,Fiber optic,No,Yes,Yes,Yes,No,No,One year,Yes,Mailed check,85.85,4793.8,5058
Male,No,Yes,Yes,71,Yes,Yes,Fiber optic,No,Yes,No,No,Yes,Yes,One year,No,Bank transfer (automatic),100.55,7113.75,5876
Male,No,Yes,Yes,25,Yes,No,No,No internet service,No internet service,No internet service,No internet service,No internet service,No internet service,One year,No,Electronic check,19.6,411.15,2888
Male,No,No,No,11,Yes,No,No,No internet service,No internet service,No internet service,No internet service,No internet service,No internet service,Two year,No,Credit card (automatic),19.55,223.15,5433
Male,No,No,No,12,Yes,Yes,Fiber optic,No,No,Yes,No,Yes,No,Month-to-month,Yes,Electronic check,89.55,1021.75,2325
Male,No,Yes,No,72,Yes,Yes,DSL,No,Yes,Yes,No,Yes,Yes,Two year,No,Bank transfer (automatic),82.15,5784.3,4552
Female,No,No,No,71,Yes,Yes,Fiber optic,Yes,Yes,Yes,Yes,Yes,Yes,Two year,Yes,Credit card (automatic),113.15,7993.3,4955
Male,Yes,Yes,No,27,No,No phone service,DSL,Yes,No,No,No,No,No,Month-to-month,No,Credit card (automatic),30.75,805.1,2927
Male,No,No,No,14,No,No phone service,DSL,No,No,Yes,No,Yes,Yes,Month-to-month,Yes,Electronic check,50.75,712.75,4883
Male,No,No,Yes,17,Yes,No,DSL,No,Yes,Yes,Yes,Yes,Yes,One year,No,Electronic check,80.85,1445.95,3913
Female,No,Yes,No,33,Yes,No,Fiber optic,Yes,No,Yes,Yes,Yes,Yes,One year,Yes,Electronic check,103.75,3361.05,3824
Male,Yes,Yes,No,10,Yes,Yes,Fiber optic,No,No,No,No,No,Yes,Month-to-month,No,Electronic check,85.55,851.75,3336
Male,No,Yes,No,45,Yes,Yes,Fiber optic,Yes,No,Yes,No,No,No,Month-to-month,Yes,Mailed check,84.55,3713.95,3289
Male,No,No,No,57,Yes,No,No,No internet service,No internet service,No internet service,No internet service,No internet service,No internet service,Two year,No,Mailed check,20.75,1118.8,6271
Male,No,Yes,No,42,No,No phone service,DSL,No,Yes,Yes,No,No,Yes,One year,Yes,Credit card (automatic),45.1,2049.05,3844
Female,No,No,No,1,Yes,No,DSL,No,No,No,No,No,No,Month-to-month,Yes,Mailed check,45.4,45.4,4916
Male,No,Yes,No,8,Yes,No,DSL,No,Yes,No,No,No,No,Month-to-month,Yes,Bank transfer (automatic),49.55,393.45,5922
Female,Yes,No,No,24,Yes,No,No,No internet service,No internet service,No internet service,No internet service,No internet service,No internet service,Month-to-month,Yes,Mailed check,20.3,459.95,3740
Male,No,Yes,Yes,24,Yes,Yes,DSL,Yes,No,No,Yes,Yes,Yes,Month-to-month,No,Bank transfer (automatic),81.0,1923.85,3019
Male,No,No,No,32,Yes,No,No,No internet service,No internet service,No internet service,No internet service,No internet service,No internet service,One year,No,Mailed check,19.8,607.7,4636
Female,No,No,No,3,Yes,Yes,Fiber optic,No,No,No,No,No,No,Month-to-month,Yes,Electronic check,75.8,246.3,5475
Male,Yes,No,No,50,Yes,Yes,Fiber optic,No,No,No,No,Yes,Yes,Month-to-month,Yes,Electronic check,95.7,4816.7,4287
Male,No,Yes,Yes,12,Yes,No,DSL,Yes,No,No,No,No,No,Month-to-month,Yes,Electronic check,49.2,571.15,3582
Female,No,Yes,Yes,10,Yes,No,Fiber optic,No,No,No,No,Yes,Yes,Month-to-month,Yes,Electronic check,88.85,929.45,4531
Male,No,No,No,2,Yes,No,No,No internet service,No internet service,No internet service,No internet service,No internet service,No internet service,Month-to-month,No,Mailed check,19.35,46.35,5863
Male,Yes,No,No,10,Yes,Yes,Fiber optic,No,No,No,No,Yes,Yes,Month-to-month,Yes,Electronic check,95.35,898.35,5353
Male,No,No,No,9,Yes,Yes,Fiber optic,No,No,No,No,Yes,Yes,Month-to-month,Yes,Electronic check,95.5,829.1,5007
Female,Yes,No,No,8,Yes,Yes,Fiber optic,No,Yes,Yes,No,Yes,Yes,Month-to-month,Yes,Electronic check,105.5,829.55,5546
Male,No,No,No,49,Yes,Yes,Fiber optic,No,No,No,No,No,No,Month-to-month,No,Credit card (automatic),75.2,3678.3,5283
Male,No,No,No,7,Yes,No,Fiber optic,No,No,Yes,No,No,No,Month-to-month,No,Mailed check,74.65,544.55,3331
Male,No,No,No,3,Yes,No,No,No internet service,No internet service,No internet service,No internet service,No internet service,No internet service,Month-to-month,Yes,Electronic check,20.25,61.45,4050
Female,No,Yes,No,33,Yes,No,Fiber optic,No,No,Yes,No,Yes,Yes,One year,Yes,Electronic check,93.8,3124.5,5080
Female,No,Yes,No,48,Yes,Yes,Fiber optic,No,Yes,No,Yes,Yes,Yes,Month-to-month,Yes,Credit card (automatic),105.1,5083.55,3109
Male,No,No,No,3,Yes,No,Fiber optic,No,Yes,No,No,No,No,Month-to-month,No,Credit card (automatic),74.45,221.1,3956
Female,No,No,No,40,No,No phone service,DSL,Yes,No,No,Yes,Yes,Yes,One year,Yes,Bank transfer (automatic),54.55,2236.2,3533
Male,No,No,No,5,Yes,No,Fiber optic,No,No,No,No,No,No,Month-to-month,Yes,Electronic check,69.75,324.6,3965
Male,No,No,No,5,Yes,Yes,Fiber optic,No,No,No,No,Yes,Yes,Month-to-month,Yes,Bank transfer (automatic),94.85,462.8,5701
Male,No,No,No,3,Yes,Yes,Fiber optic,No,Yes,Yes,No,Yes,Yes,Month-to-month,No,Mailed check,107.95,313.6,3449
Female,No,Yes,Yes,47,Yes,No,DSL,No,Yes,No,Yes,No,Yes,Two year,No,Bank transfer (automatic),63.8,3007.25,5144
Female,No,No,No,38,Yes,Yes,No,No internet service,No internet service,No internet service,No internet service,No internet service,No internet service,One year,Yes,Electronic check,24.25,914.4,2997
Male,No,Yes,Yes,67,No,No phone service,DSL,Yes,No,No,No,Yes,Yes,Two year,No,Credit card (automatic),50.9,3281.65,5281
Female,No,No,No,19,Yes,No,No,No internet service,No internet service,No internet service,No internet service,No internet service,No internet service,One year,No,Credit card (automatic),20.25,383.65,5586
Female,No,Yes,Yes,55,Yes,No,No,No internet service,No internet service,No internet service,No internet service,No internet service,No internet service,Two year,No,Credit card (automatic),19.4,1083.0,5366
Male,No,Yes,Yes,70,Yes,No,Fiber optic,No,Yes,Yes,Yes,Yes,Yes,One year,Yes,Electronic check,106.15,7475.1,4649
Male,No,Yes,No,58,Yes,No,DSL,No,No,Yes,No,No,No,One year,No,Credit card (automatic),50.3,2878.55,5232
Male,No,No,No,8,Yes,No,Fiber optic,No,No,Yes,No,Yes,Yes,Month-to-month,Yes,Electronic check,94.7,740.3,5811
Female,No,Yes,No,4,Yes,No,Fiber optic,No,No,No,No,No,Yes,Month-to-month,No,Electronic check,80.85,302.75,2961
Male,No,No,No,2,Yes,No,DSL,No,Yes,No,No,No,No,Month-to-month,No,Mailed check,49.25,97.0,3805
Male,No,Yes,Yes,13,Yes,No,DSL,Yes,No,No,No,No,No,Month-to-month,Yes,Mailed check,49.95,587.45,5764
Male,No,No,No,3,Yes,No,Fiber optic,No,No,No,No,No,No,Month-to-month,No,Electronic check,69.65,220.1,2421
Female,No,No,No,10,No,No phone service,DSL,No,No,No,Yes,No,No,Two year,Yes,Mailed check,29.6,299.05,3180
Female,No,Yes,No,48,Yes,No,Fiber optic,No,No,Yes,Yes,Yes,Yes,Month-to-month,Yes,Credit card (automatic),100.05,4834.0,3468
Male,Yes,No,No,9,Yes,Yes,Fiber optic,No,No,No,No,No,No,Month-to-month,Yes,Electronic check,74.05,678.45,2003
Male,No,Yes,No,42,Yes,Yes,Fiber optic,No,Yes,Yes,Yes,No,Yes,Month-to-month,Yes,Electronic check,99.45,4138.05,4624
Female,No,Yes,Yes,35,Yes,Yes,No,No internet service,No internet service,No internet service,No internet service,No internet service,No internet service,Two year,Yes,Credit card (automatic),25.4,949.8,5070
Female,Yes,No,No,2,Yes,No,DSL,Yes,Yes,No,No,No,No,Month-to-month,No,Mailed check,54.85,104.2,3016
Male,No,No,No,69,No,No phone service,DSL,No,Yes,Yes,No,No,No,One year,Yes,Bank transfer (automatic),35.75,2492.25,4043
Female,No,Yes,Yes,1,Yes,No,No,No internet service,No internet service,No internet service,No internet service,No internet service,No internet service,Month-to-month,No,Mailed check,19.45,19.45,2865
Male,No,No,No,6,Yes,No,DSL,No,No,No,Yes,No,No,Month-to-month,No,Mailed check,50.05,288.35,3929
Female,No,No,No,1,Yes,No,No,No internet service,No internet service,No internet service,No internet service,No internet service,No internet service,Month-to-month,No,Electronic check,19.75,19.75,3666
Male,No,No,No,43,Yes,Yes,No,No internet service,No internet service,No internet service,No internet service,No internet service,No internet service,Two year,No,Bank transfer (automatic),26.45,1110.05,3881
Male,No,Yes,Yes,24,Yes,Yes,No,No internet service,No internet service,No internet service,No internet service,No internet service,No internet service,Two year,No,Mailed check,24.2,609.05,5865
Male,No,No,No,9,Yes,No,No,No internet service,No internet service,No internet service,No internet service,No internet service,No internet service,Month-to-month,No,Mailed check,20.4,181.8,5380
Male,No,No,No,23,Yes,Yes,Fiber optic,No,No,Yes,Yes,Yes,No,Month-to-month,Yes,Credit card (automatic),96.9,2085.45,3875
Female,Yes,Yes,No,70,Yes,No,No,No internet service,No internet service,No internet service,No internet service,No internet service,No internet service,Two year,Yes,Credit card (automatic),19.55,1462.05,5209
Female,No,No,Yes,12,Yes,Yes,Fiber optic,Yes,No,No,No,No,No,Month-to-month,Yes,Electronic check,78.95,927.35,5806
Male,No,No,No,46,Yes,Yes,Fiber optic,No,No,No,No,No,No,Month-to-month,No,Bank transfer (automatic),72.8,3249.4,2642
Male,No,Yes,Yes,52,Yes,No,No,No internet service,No internet service,No internet service,No internet service,No internet service,No internet service,Two year,No,Mailed check,19.2,1054.75,4203
Male,No,Yes,Yes,72,Yes,Yes,No,No internet service,No internet service,No internet service,No internet service,No internet service,No internet service,Two year,No,Bank transfer (automatic),24.3,1643.25,5160
Male,No,No,No,18,Yes,Yes,Fiber optic,No,Yes,No,No,No,No,Month-to-month,Yes,Electronic check,80.65,1451.9,3788
Female,No,Yes,Yes,16,Yes,No,DSL,Yes,Yes,No,Yes,No,Yes,Two year,No,Bank transfer (automatic),68.25,1114.85,3559
Female,No,Yes,No,64,Yes,No,DSL,No,Yes,Yes,Yes,No,Yes,Two year,Yes,Mailed check,68.3,4378.8,5425
Male,No,No,No,2,Yes,No,DSL,No,No,No,No,No,No,Month-to-month,Yes,Bank transfer (automatic),46.6,87.9,5096
Male,No,Yes,Yes,72,Yes,Yes,Fiber optic,No,Yes,Yes,Yes,No,No,Two year,No,Bank transfer (automatic),90.45,6565.85,4461
Male,No,No,No,63,No,No phone service,DSL,Yes,Yes,No,Yes,No,No,One year,Yes,Bank transfer (automatic),40.6,2588.95,6406
Female,No,No,No,1,Yes,No,Fiber optic,No,No,No,No,No,No,Month-to-month,Yes,Electronic check,70.3,70.3,5963
Male,No,No,No,1,Yes,No,No,No internet service,No internet service,No internet service,No internet service,No internet service,No internet service,Month-to-month,No,Mailed check,20.15,20.15,4103
Male,No,Yes,Yes,59,No,No phone service,DSL,Yes,No,Yes,No,No,No,One year,No,Mailed check,34.8,1980.3,6300
Female,No,Yes,Yes,51,Yes,Yes,Fiber optic,No,No,No,Yes,No,No,Month-to-month,Yes,Electronic check,80.75,4116.9,6032
Female,No,No,No,6,No,No phone service,DSL,Yes,Yes,Yes,Yes,Yes,Yes,Two year,Yes,Mailed check,63.4,348.8,3909
Female,No,No,No,57,Yes,No,DSL,No,Yes,Yes,Yes,Yes,No,Two year,No,Mailed check,69.75,3894.4,4487
Female,Yes,Yes,No,46,Yes,Yes,Fiber optic,No,No,No,Yes,Yes,Yes,One year,No,Electronic check,100.25,4753.85,5453
Male,No,No,No,14,No,No phone service,DSL,No,No,Yes,Yes,Yes,Yes,Month-to-month,Yes,Electronic check,55.0,771.95,4900
Male,No,No,No,11,Yes,Yes,DSL,No,No,Yes,No,No,No,Month-to-month,No,Electronic check,53.75,608.0,3407
Female,No,No,No,3,Yes,No,No,No internet service,No internet service,No internet service,No internet service,No internet service,No internet service,Month-to-month,Yes,Mailed check,20.0,61.7,5575
Female,No,Yes,No,40,Yes,Yes,DSL,No,Yes,No,No,Yes,No,One year,No,Bank transfer (automatic),63.9,2635.0,2654
Male,No,No,No,33,Yes,No,Fiber optic,No,Yes,Yes,No,No,No,Month-to-month,Yes,Credit card (automatic),79.0,2576.8,4396
Male,No,No,No,9,Yes,Yes,Fiber optic,Yes,No,No,No,No,No,Month-to-month,Yes,Electronic check,81.15,784.45,4544
Female,No,Yes,Yes,22,Yes,No,DSL,Yes,Yes,Yes,No,No,No,Month-to-month,No,Mailed check,61.15,1422.05,4626
Female,No,No,No,15,Yes,No,No,No internet service,No internet service,No internet service,No internet service,No internet service,No internet service,Two year,No,Mailed check,19.6,331.6,2722
Male,No,Yes,Yes,0,Yes,Yes,No,No internet service,No internet service,No internet service,No internet service,No internet service,No internet service,Two year,No,Mailed check,25.75,0.0,4950
Male,No,No,No,3,Yes,No,Fiber optic,No,No,Yes,No,No,No,Month-to-month,Yes,Credit card (automatic),73.6,232.5,5510
Male,No,No,No,13,Yes,No,Fiber optic,No,No,Yes,No,Yes,No,Month-to-month,Yes,Electronic check,83.2,1060.6,4028
Male,No,No,No,21,Yes,No,No,No internet service,No internet service,No internet service,No internet service,No internet service,No internet service,Month-to-month,No,Mailed check,20.0,417.7,2366
Male,No,No,No,6,Yes,No,DSL,No,Yes,No,No,Yes,No,Month-to-month,No,Electronic check,59.45,357.6,2393
Female,No,No,No,8,Yes,No,Fiber optic,No,Yes,No,No,No,No,Month-to-month,No,Electronic check,75.6,535.55,2934
Male,No,No,No,3,Yes,No,DSL,No,No,No,Yes,No,No,Month-to-month,Yes,Mailed check,50.5,147.75,5258
Male,No,Yes,Yes,63,Yes,No,No,No internet service,No internet service,No internet service,No internet service,No internet service,No internet service,Two year,No,Mailed check,19.55,1245.6,6002
Female,No,Yes,No,50,Yes,No,No,No internet service,No internet service,No internet service,No internet service,No internet service,No internet service,One year,Yes,Bank transfer (automatic),19.85,943.1,4358
Female,No,No,No,65,Yes,Yes,Fiber optic,Yes,Yes,Yes,No,Yes,Yes,Month-to-month,Yes,Credit card (automatic),111.05,7107.0,5261
Male,Yes,No,No,44,Yes,No,Fiber optic,No,No,Yes,No,No,No,Month-to-month,No,Electronic check,73.85,3122.4,4374
Female,No,No,No,2,Yes,No,DSL,No,Yes,No,No,No,No,Month-to-month,Yes,Credit card (automatic),49.05,91.1,2960
Male,No,Yes,No,10,Yes,No,Fiber optic,No,No,No,No,Yes,No,Month-to-month,Yes,Electronic check,79.95,857.2,5640
Male,Yes,Yes,No,47,Yes,Yes,Fiber optic,No,No,Yes,No,Yes,Yes,Month-to-month,Yes,Electronic check,100.05,4871.05,5166
Male,No,Yes,Yes,69,Yes,Yes,Fiber optic,No,Yes,Yes,No,Yes,No,One year,No,Credit card (automatic),95.75,6511.25,5561
Female,No,Yes,No,25,No,No phone service,DSL,No,No,No,No,Yes,No,Month-to-month,Yes,Bank transfer (automatic),34.0,853.0,5024
Male,No,No,No,12,No,No phone service,DSL,Yes,Yes,No,Yes,Yes,No,Month-to-month,Yes,Bank transfer (automatic),50.95,605.75,2716
Male,Yes,Yes,No,72,Yes,Yes,No,No internet service,No internet service,No internet service,No internet service,No internet service,No internet service,Two year,Yes,Bank transfer (automatic),25.0,1802.55,4055
Male,No,No,Yes,31,No,No phone service,DSL,No,No,No,No,No,No,Month-to-month,No,Credit card (automatic),25.0,789.2,4242
Female,No,Yes,No,1,Yes,No,Fiber optic,No,No,No,No,No,No,Month-to-month,Yes,Mailed check,69.4,69.4,2404
Female,No,Yes,No,26,No,No phone service,DSL,Yes,Yes,Yes,No,Yes,No,One year,No,Bank transfer (automatic),47.85,1190.5,4362
Female,No,Yes,No,8,Yes,No,Fiber optic,No,Yes,No,No,Yes,No,Month-to-month,Yes,Electronic check,83.55,680.05,2879
Male,Yes,Yes,No,35,Yes,Yes,Fiber optic,Yes,Yes,No,No,No,Yes,Month-to-month,Yes,Electronic check,94.55,3365.4,2631
Male,No,No,No,28,Yes,Yes,Fiber optic,No,Yes,No,No,Yes,Yes,One year,No,Electronic check,100.2,2688.45,5137
Female,No,No,No,21,Yes,No,Fiber optic,No,Yes,Yes,Yes,Yes,Yes,One year,Yes,Mailed check,104.55,2239.4,3471
Male,No,No,Yes,13,Yes,No,DSL,No,No,No,No,Yes,Yes,Month-to-month,No,Credit card (automatic),66.4,831.75,3660
Female,No,Yes,Yes,72,Yes,Yes,Fiber optic,No,Yes,Yes,Yes,No,Yes,Two year,Yes,Bank transfer (automatic),98.65,7129.45,4616
Female,No,No,No,1,Yes,No,DSL,No,No,No,No,No,No,Month-to-month,No,Mailed check,44.4,44.4,3204
Male,No,Yes,No,70,Yes,No,No,No internet service,No internet service,No internet service,No internet service,No internet service,No internet service,Two year,No,Credit card (automatic),19.85,1433.8,4442
Female,No,No,No,3,Yes,Yes,DSL,No,No,No,Yes,Yes,No,Month-to-month,Yes,Electronic check,63.6,155.65,3155
Female,No,No,No,13,Yes,No,DSL,Yes,Yes,No,Yes,No,Yes,Month-to-month,No,Bank transfer (automatic),67.8,842.25,4115
Male,Yes,No,No,67,Yes,Yes,Fiber optic,Yes,Yes,Yes,Yes,Yes,Yes,Two year,Yes,Credit card (automatic),116.1,7839.85,5896
Male,No,Yes,No,48,Yes,Yes,DSL,No,Yes,Yes,No,No,Yes,One year,Yes,Credit card (automatic),70.55,3420.5,3997
Female,Yes,No,No,41,Yes,Yes,Fiber optic,No,Yes,Yes,No,Yes,Yes,Month-to-month,Yes,Electronic check,104.4,4133.95,4477
Female,No,No,No,57,Yes,No,DSL,Yes,Yes,Yes,Yes,Yes,No,Two year,Yes,Credit card (automatic),74.3,4166.35,5741
Male,No,No,No,1,Yes,No,DSL,No,No,No,No,No,No,Month-to-month,Yes,Mailed check,44.95,44.95,3256
Male,No,No,No,40,Yes,Yes,No,No internet service,No internet service,No internet service,No internet service,No internet service,No internet service,Two year,Yes,Mailed check,24.6,973.95,2601
Male,Yes,No,No,1,Yes,Yes,Fiber optic,No,No,No,No,No,No,Month-to-month,Yes,Electronic check,75.75,75.75,5571
Male,No,Yes,No,23,Yes,No,No,No internet service,No internet service,No internet service,No internet service,No internet service,No internet service,One year,No,Mailed check,19.65,436.9,5460
Female,No,Yes,No,44,Yes,No,DSL,Yes,Yes,Yes,No,No,No,One year,Yes,Mailed check,61.5,2722.2,2059
Male,No,Yes,No,9,Yes,Yes,Fiber optic,No,No,Yes,No,No,No,Month-to-month,Yes,Bank transfer (automatic),79.35,661.25,4533
Male,No,Yes,No,29,Yes,Yes,Fiber optic,No,Yes,No,No,No,No,Month-to-month,Yes,Bank transfer (automatic),80.15,2265.25,5189
Male,No,No,No,17,Yes,No,DSL,Yes,Yes,No,No,No,No,Month-to-month,Yes,Credit card (automatic),55.5,934.15,3190
Male,No,No,No,26,Yes,No,DSL,No,No,No,Yes,Yes,No,One year,No,Credit card (automatic),59.45,1507.0,2074
Male,No,Yes,No,44,Yes,No,DSL,No,Yes,Yes,Yes,Yes,No,One year,Yes,Electronic check,70.95,3250.45,3678
Female,No,Yes,No,36,Yes,Yes,Fiber optic,Yes,Yes,Yes,Yes,No,Yes,Two year,Yes,Credit card (automatic),106.05,3834.4,4505
Female,No,Yes,Yes,68,Yes,Yes,Fiber optic,No,Yes,No,Yes,No,No,One year,Yes,Bank transfer (automatic),83.65,5733.4,5958
Female,No,Yes,Yes,5,No,No phone service,DSL,No,Yes,No,Yes,No,No,Month-to-month,No,Electronic check,34.25,163.55,5100
Male,Yes,No,No,51,Yes,Yes,Fiber optic,No,No,Yes,No,Yes,Yes,Month-to-month,Yes,Electronic check,97.8,4913.3,6204
Male,No,No,Yes,57,Yes,Yes,DSL,Yes,Yes,Yes,Yes,Yes,Yes,Two year,No,Mailed check,89.55,5012.35,4260
Male,No,No,Yes,72,No,No phone service,DSL,Yes,Yes,Yes,Yes,Yes,Yes,Two year,No,Credit card (automatic),67.2,4671.7,5592
Male,No,Yes,No,11,Yes,No,DSL,No,No,No,No,No,No,Month-to-month,Yes,Bank transfer (automatic),45.9,521.9,3880
Female,No,Yes,Yes,3,Yes,No,DSL,No,Yes,No,No,Yes,No,Month-to-month,Yes,Credit card (automatic),58.7,168.6,3654
Female,Yes,No,No,22,Yes,No,Fiber optic,Yes,Yes,No,No,No,No,Month-to-month,No,Electronic check,81.7,1820.9,5602
Female,No,Yes,Yes,59,Yes,No,No,No internet service,No internet service,No internet service,No internet service,No internet service,No internet service,Two year,No,Mailed check,20.6,1286.0,6325
Male,No,Yes,Yes,61,Yes,No,Fiber optic,No,Yes,Yes,Yes,Yes,Yes,One year,No,Credit card (automatic),103.9,6449.15,4079
Male,Yes,Yes,No,59,Yes,No,Fiber optic,Yes,Yes,Yes,No,No,No,One year,Yes,Credit card (automatic),82.95,4903.15,5295
Female,No,No,No,36,Yes,No,Fiber optic,No,Yes,No,No,Yes,Yes,Month-to-month,Yes,Credit card (automatic),94.8,3565.65,2807
Male,No,No,No,5,Yes,No,No,No internet service,No internet service,No internet service,No internet service,No internet service,No internet service,Month-to-month,No,Mailed check,20.25,109.8,5064
Male,No,No,No,1,Yes,Yes,DSL,No,No,No,No,No,No,Month-to-month,Yes,Electronic check,50.15,50.15,3043
Male,Yes,No,No,12,Yes,Yes,Fiber optic,No,No,No,No,No,No,Month-to-month,Yes,Credit card (automatic),73.3,828.05,5159
Male,No,No,No,1,Yes,No,No,No internet service,No internet service,No internet service,No internet service,No internet service,No internet service,Month-to-month,No,Electronic check,20.65,20.65,2729
Male,No,Yes,No,40,Yes,Yes,DSL,No,Yes,No,Yes,Yes,No,One year,No,Credit card (automatic),70.75,2921.75,5507
Female,No,Yes,Yes,42,Yes,No,Fiber optic,No,No,Yes,No,Yes,Yes,Month-to-month,Yes,Electronic check,92.15,3875.4,5697
Female,No,Yes,Yes,69,Yes,No,No,No internet service,No internet service,No internet service,No internet service,No internet service,No internet service,Two year,No,Bank transfer (automatic),19.7,1396.9,4131
Male,No,Yes,Yes,28,Yes,Yes,DSL,No,Yes,No,No,No,Yes,Month-to-month,No,Electronic check,64.4,1802.15,2434
Male,No,No,No,58,Yes,No,Fiber optic,Yes,Yes,No,No,Yes,Yes,One year,No,Bank transfer (automatic),99.15,5720.95,6409
Male,No,Yes,No,71,Yes,Yes,Fiber optic,Yes,Yes,Yes,Yes,Yes,Yes,Two year,Yes,Electronic check,116.25,8564.75,6124
Female,No,Yes,No,70,Yes,Yes,DSL,Yes,No,No,Yes,Yes,Yes,Two year,Yes,Bank transfer (automatic),80.6,5460.2,5880
Male,No,Yes,Yes,52,Yes,Yes,No,No internet service,No internet service,No internet service,No internet service,No internet service,No internet service,Two year,No,Mailed check,24.8,1229.1,5320
Male,No,Yes,Yes,18,No,No phone service,DSL,No,No,No,No,No,No,Month-to-month,No,Credit card (automatic),25.55,467.85,4134
Male,No,Yes,No,72,Yes,Yes,DSL,Yes,Yes,Yes,Yes,No,Yes,Two year,Yes,Bank transfer (automatic),82.3,5980.55,5219
Male,No,No,No,18,Yes,No,DSL,Yes,No,No,No,No,No,Month-to-month,No,Electronic check,49.4,874.8,4028
Female,No,Yes,No,57,Yes,No,DSL,Yes,Yes,No,Yes,Yes,No,Two year,Yes,Credit card (automatic),70.35,4124.65,5779
Female,No,No,No,27,Yes,No,DSL,Yes,Yes,No,No,No,No,Month-to-month,Yes,Mailed check,56.7,1652.95,4472
Male,No,Yes,No,24,Yes,Yes,Fiber optic,No,Yes,Yes,No,Yes,Yes,Month-to-month,Yes,Electronic check,104.65,2542.45,4734
Male,No,Yes,Yes,10,Yes,No,No,No internet service,No internet service,No internet service,No internet service,No internet service,No internet service,One year,No,Mailed check,20.45,242.4,4613
Female,No,Yes,Yes,72,Yes,Yes,No,No internet service,No internet service,No internet service,No internet service,No internet service,No internet service,Two year,No,Mailed check,24.9,1859.2,5192
Male,No,No,No,7,Yes,Yes,No,No internet service,No internet service,No internet service,No internet service,No internet service,No internet service,Month-to-month,Yes,Bank transfer (automatic),25.05,152.95,4868
Male,No,Yes,No,54,Yes,Yes,DSL,No,Yes,No,Yes,Yes,No,One year,Yes,Electronic check,70.7,3770.0,5276
Female,Yes,Yes,No,44,Yes,No,Fiber optic,Yes,Yes,No,Yes,No,No,Month-to-month,Yes,Electronic check,85.15,3670.5,2672
Male,No,Yes,No,56,Yes,No,Fiber optic,No,No,No,No,No,Yes,One year,Yes,Electronic check,80.9,4557.5,5344
Male,No,No,No,1,Yes,No,No,No internet service,No internet service,No internet service,No internet service,No internet service,No internet service,Month-to-month,No,Mailed check,19.55,19.55,3718
Female,No,No,No,72,Yes,Yes,Fiber optic,No,Yes,Yes,Yes,Yes,Yes,Two year,Yes,Bank transfer (automatic),111.6,8012.75,5425
Female,No,No,No,12,Yes,Yes,Fiber optic,Yes,No,No,No,No,No,Month-to-month,Yes,Electronic check,78.3,909.25,3545
Male,No,Yes,No,28,Yes,No,DSL,Yes,No,No,Yes,No,No,One year,No,Mailed check,54.35,1426.45,5105
Female,No,Yes,No,72,Yes,Yes,Fiber optic,Yes,Yes,No,No,Yes,Yes,One year,Yes,Electronic check,104.15,7303.05,4594
Male,Yes,No,No,5,Yes,No,DSL,No,No,Yes,No,No,No,Month-to-month,No,Electronic check,50.35,237.25,4618
Male,No,No,No,30,Yes,Yes,Fiber optic,Yes,Yes,Yes,Yes,No,No,Month-to-month,Yes,Credit card (automatic),95.0,2852.4,3597
Male,No,No,No,22,Yes,Yes,Fiber optic,No,Yes,No,No,Yes,Yes,Month-to-month,Yes,Electronic check,100.65,2415.95,4094
Male,No,Yes,No,65,Yes,Yes,Fiber optic,Yes,No,Yes,No,Yes,Yes,Month-to-month,Yes,Electronic check,104.25,6812.95,5089
Female,No,No,No,49,Yes,Yes,Fiber optic,No,No,No,No,No,Yes,Month-to-month,Yes,Electronic check,84.5,3906.7,6434
Female,No,No,No,13,Yes,No,Fiber optic,No,Yes,Yes,No,No,No,Month-to-month,Yes,Electronic check,81.15,952.3,4806
Male,No,Yes,No,54,Yes,No,Fiber optic,Yes,Yes,Yes,Yes,Yes,Yes,Two year,No,Bank transfer (automatic),109.75,6110.2,6274
Male,No,Yes,Yes,57,Yes,No,No,No internet service,No internet service,No internet service,No internet service,No internet service,No internet service,Two year,No,Mailed check,20.75,1123.15,4937
Female,No,No,No,1,Yes,No,DSL,No,No,No,No,No,No,Month-to-month,No,Bank transfer (automatic),44.15,44.15,3103
Male,No,Yes,Yes,71,Yes,Yes,DSL,Yes,Yes,Yes,Yes,Yes,Yes,Two year,No,Credit card (automatic),90.3,6287.3,6291
Female,No,No,No,1,Yes,No,DSL,Yes,No,No,No,No,No,Month-to-month,Yes,Bank transfer (automatic),48.45,48.45,5838
Male,No,Yes,No,70,Yes,Yes,DSL,Yes,Yes,Yes,Yes,Yes,No,One year,No,Bank transfer (automatic),79.4,5528.9,5991
Female,No,Yes,No,52,No,No phone service,DSL,Yes,Yes,Yes,Yes,Yes,Yes,Two year,No,Credit card (automatic),66.25,3330.1,4275
Female,No,Yes,No,56,Yes,Yes,Fiber optic,No,Yes,Yes,Yes,No,No,Month-to-month,No,Electronic check,90.55,5116.6,6161
Female,No,Yes,Yes,11,No,No phone service,DSL,Yes,No,No,No,No,No,Month-to-month,Yes,Electronic check,29.6,346.45,2793
Male,No,No,No,5,Yes,No,No,No internet service,No internet service,No internet service,No internet service,No internet service,No internet service,Month-to-month,No,Mailed check,19.95,107.05,4281
Male,No,No,No,12,No,No phone service,DSL,No,Yes,No,Yes,No,No,Month-to-month,No,Mailed check,34.0,442.45,3215
Female,No,No,No,6,Yes,No,Fiber optic,No,No,No,No,Yes,Yes,Month-to-month,Yes,Electronic check,91.1,455.3,2266
Female,Yes,No,No,2,Yes,No,Fiber optic,No,No,No,No,No,Yes,Month-to-month,Yes,Bank transfer (automatic),79.75,159.4,4038
Female,No,Yes,Yes,50,Yes,No,Fiber optic,No,No,Yes,Yes,Yes,Yes,One year,No,Mailed check,103.05,5153.5,5905
Male,No,Yes,No,41,Yes,Yes,Fiber optic,No,Yes,No,No,No,No,Month-to-month,Yes,Electronic check,80.25,3439.0,5757
Male,No,No,No,68,Yes,Yes,DSL,Yes,Yes,No,Yes,Yes,Yes,Two year,Yes,Bank transfer (automatic),86.5,5882.75,4280
Female,No,Yes,No,22,Yes,No,Fiber optic,No,No,No,No,Yes,No,Month-to-month,Yes,Credit card (automatic),80.0,1706.45,2640
Male,No,Yes,No,51,Yes,Yes,Fiber optic,No,Yes,Yes,No,Yes,Yes,One year,Yes,Bank transfer (automatic),106.8,5498.8,4640
Female,No,No,No,30,Yes,Yes,DSL,No,Yes,Yes,No,Yes,No,One year,Yes,Credit card (automatic),68.95,2038.7,4403
Male,No,No,No,40,Yes,No,Fiber optic,No,Yes,No,Yes,No,Yes,One year,Yes,Credit card (automatic),89.6,3488.15,2524
Male,No,Yes,No,65,Yes,Yes,Fiber optic,Yes,Yes,Yes,No,Yes,No,Two year,Yes,Electronic check,99.35,6347.55,6300
Male,Yes,Yes,Yes,68,Yes,No,No,No internet service,No internet service,No internet service,No internet service,No internet service,No internet service,One year,No,Bank transfer (automatic),19.5,1193.55,5443
Male,No,No,No,10,Yes,No,DSL,No,Yes,No,No,Yes,No,Month-to-month,Yes,Mailed check,59.65,638.95,2385
Female,No,Yes,No,64,Yes,Yes,Fiber optic,Yes,No,Yes,No,Yes,No,Two year,Yes,Credit card (automatic),94.6,5948.7,5038
Female,No,No,No,58,Yes,No,Fiber optic,Yes,Yes,Yes,No,Yes,Yes,One year,Yes,Electronic check,106.45,6145.85,5902
Male,No,Yes,Yes,15,Yes,No,No,No internet service,No internet service,No internet service,No internet service,No internet service,No internet service,One year,Yes,Mailed check,19.5,239.75,5471
Female,No,No,No,71,Yes,Yes,Fiber optic,Yes,Yes,Yes,No,Yes,Yes,Two year,Yes,Credit card (automatic),106.75,7283.25,5610
Female,No,No,No,4,Yes,No,Fiber optic,No,No,Yes,Yes,Yes,Yes,Month-to-month,Yes,Bank transfer (automatic),98.1,396.3,2895
Female,No,No,No,72,Yes,Yes,DSL,No,Yes,Yes,Yes,Yes,Yes,Two year,No,Bank transfer (automatic),86.6,6350.5,4530
Male,No,No,No,25,Yes,Yes,Fiber optic,No,No,No,No,Yes,Yes,Month-to-month,Yes,Bank transfer (automatic),94.7,2362.1,5641
Female,No,No,Yes,44,Yes,Yes,DSL,No,Yes,No,No,Yes,Yes,One year,Yes,Mailed check,77.55,3471.1,5044
Male,No,No,No,5,Yes,No,DSL,No,No,Yes,Yes,Yes,Yes,Month-to-month,No,Bank transfer (automatic),75.15,392.65,5900
Male,No,Yes,No,33,Yes,No,DSL,No,No,No,No,No,No,Month-to-month,Yes,Credit card (automatic),44.55,1462.6,2422
Male,No,No,Yes,1,Yes,No,DSL,No,Yes,No,No,No,No,Month-to-month,Yes,Electronic check,49.9,49.9,3239
Male,No,No,No,14,Yes,No,Fiber optic,No,No,No,No,Yes,Yes,Month-to-month,Yes,Electronic check,92.9,1337.45,4296
Female,No,Yes,Yes,20,Yes,No,No,No internet service,No internet service,No internet service,No internet service,No internet service,No internet service,Month-to-month,No,Mailed check,20.35,442.6,2522
Male,No,No,No,8,Yes,No,DSL,Yes,No,Yes,No,No,Yes,Month-to-month,Yes,Electronic check,66.7,579.0,4490
Male,No,Yes,No,3,No,No phone service,DSL,No,Yes,No,No,No,No,Month-to-month,No,Credit card (automatic),29.8,94.4,5614
Male,No,Yes,Yes,67,Yes,No,No,No internet service,No internet service,No internet service,No internet service,No internet service,No internet service,Two year,Yes,Credit card (automatic),19.4,1284.2,4890
Male,No,Yes,Yes,72,Yes,Yes,DSL,Yes,Yes,Yes,Yes,Yes,Yes,Two year,Yes,Bank transfer (automatic),87.55,6463.15,5341
Female,Yes,No,No,1,Yes,No,Fiber optic,No,No,No,No,No,No,Month-to-month,Yes,Electronic check,71.15,71.15,5287
Female,No,Yes,Yes,40,Yes,No,DSL,Yes,Yes,No,Yes,No,Yes,Month-to-month,Yes,Mailed check,71.35,2847.2,5807
Male,No,Yes,Yes,60,Yes,Yes,No,No internet service,No internet service,No internet service,No internet service,No internet service,No internet service,One year,No,Credit card (automatic),23.95,1506.4,5449
Female,No,No,No,56,No,No phone service,DSL,No,No,No,No,Yes,Yes,Month-to-month,Yes,Credit card (automatic),44.85,2564.95,4021
Female,No,Yes,Yes,24,Yes,Yes,Fiber optic,No,Yes,Yes,No,No,No,One year,No,Bank transfer (automatic),83.15,2033.05,2404
Male,No,Yes,Yes,72,Yes,No,DSL,Yes,Yes,No,Yes,Yes,No,Two year,No,Bank transfer (automatic),68.4,4855.35,5504
Male,No,Yes,No,12,Yes,No,No,No internet service,No internet service,No internet service,No internet service,No internet service,No internet service,One year,No,Bank transfer (automatic),19.8,202.25,5279
Male,No,Yes,Yes,52,No,No phone service,DSL,Yes,No,Yes,No,No,Yes,One year,No,Bank transfer (automatic),44.25,2276.1,6340
Female,No,Yes,No,4,No,No phone service,DSL,No,No,No,No,No,No,Month-to-month,Yes,Electronic check,25.15,99.95,3891
Male,No,Yes,Yes,6,Yes,No,DSL,Yes,No,No,No,No,No,Month-to-month,Yes,Electronic check,49.15,295.65,4076
Female,No,No,No,6,No,No phone service,DSL,No,No,Yes,No,Yes,Yes,Month-to-month,Yes,Electronic check,47.95,305.1,2240
Male,Yes,No,No,66,Yes,Yes,Fiber optic,No,Yes,Yes,Yes,Yes,Yes,One year,No,Credit card (automatic),110.9,7432.05,4389
Male,No,Yes,Yes,71,Yes,No,No,No internet service,No internet service,No internet service,No internet service,No internet service,No internet service,Two year,No,Mailed check,19.45,1378.45,5497
Female,No,Yes,No,12,Yes,No,No,No internet service,No internet service,No internet service,No internet service,No internet service,No internet service,One year,No,Bank transfer (automatic),19.8,229.6,2653
Male,No,No,Yes,3,Yes,Yes,Fiber optic,No,No,No,No,No,No,Month-to-month,Yes,Electronic check,74.4,229.55,4415
Female,No,No,Yes,13,Yes,No,DSL,Yes,Yes,No,No,No,No,Month-to-month,Yes,Electronic check,56.0,764.55,5156
Female,No,Yes,Yes,53,Yes,Yes,Fiber optic,Yes,Yes,Yes,Yes,No,Yes,Two year,Yes,Bank transfer (automatic),104.05,5566.4,4190
Female,No,No,No,11,Yes,No,No,No internet service,No internet service,No internet service,No internet service,No internet service,No internet service,One year,No,Credit card (automatic),20.05,237.7,5355
Female,No,No,No,13,Yes,Yes,Fiber optic,No,No,No,No,No,Yes,Month-to-month,Yes,Electronic check,85.95,1215.65,5886
Female,No,No,No,11,Yes,Yes,No,No internet service,No internet service,No internet service,No internet service,No internet service,No internet service,One year,No,Electronic check,25.2,245.15,4998
Female,No,No,No,12,Yes,Yes,Fiber optic,Yes,Yes,Yes,No,No,Yes,Month-to-month,Yes,Bank transfer (automatic),99.7,1238.45,2538
Male,No,Yes,No,33,Yes,No,No,No internet service,No internet service,No internet service,No internet service,No internet service,No internet service,One year,No,Credit card (automatic),20.1,620.55,3636
Female,No,Yes,Yes,63,Yes,No,No,No internet service,No internet service,No internet service,No internet service,No internet service,No internet service,Two year,No,Electronic check,19.35,1263.85,4566
Male,No,No,No,13,Yes,No,Fiber optic,Yes,No,No,No,No,No,Month-to-month,Yes,Credit card (automatic),73.75,956.65,2070
Male,No,No,No,18,Yes,No,DSL,No,No,Yes,Yes,No,No,Month-to-month,No,Credit card (automatic),55.2,1058.1,2110
Female,Yes,No,No,6,Yes,No,Fiber optic,No,No,Yes,No,No,No,Month-to-month,No,Electronic check,74.4,434.1,3964
Male,Yes,Yes,No,46,Yes,No,Fiber optic,No,No,No,No,No,Yes,Month-to-month,Yes,Electronic check,80.4,3605.2,4876
Male,No,No,No,10,Yes,No,Fiber optic,Yes,No,Yes,No,No,No,Month-to-month,Yes,Mailed check,79.85,887.35,5983
Female,No,No,No,34,Yes,No,Fiber optic,No,No,No,No,No,No,Month-to-month,Yes,Credit card (automatic),70.0,2416.1,2318
Male,Yes,No,No,67,Yes,Yes,No,No internet service,No internet service,No internet service,No internet service,No internet service,No internet service,Two year,No,Credit card (automatic),25.1,1672.15,6388
Male,No,No,No,4,Yes,No,DSL,No,No,Yes,Yes,Yes,Yes,Month-to-month,Yes,Electronic check,74.4,299.7,3633
Male,No,No,No,20,Yes,Yes,DSL,No,Yes,No,Yes,Yes,No,One year,Yes,Electronic check,68.7,1416.2,2989
Male,No,Yes,No,1,Yes,No,Fiber optic,No,No,No,No,No,No,Month-to-month,No,Electronic check,70.0,70.0,4094
Female,No,No,No,1,Yes,No,No,No internet service,No internet service,No internet service,No internet service,No internet service,No internet service,Month-to-month,No,Mailed check,20.5,20.5,4454
Female,No,No,No,14,Yes,No,Fiber optic,No,No,Yes,No,No,No,Month-to-month,No,Electronic check,75.35,1025.95,4995
Female,No,No,Yes,46,Yes,Yes,Fiber optic,No,No,Yes,Yes,No,No,Month-to-month,Yes,Bank transfer (automatic),84.8,3958.85,5756
Male,No,Yes,Yes,14,Yes,Yes,DSL,Yes,Yes,No,No,No,Yes,Month-to-month,No,Mailed check,69.2,944.65,2871
Female,No,No,No,8,Yes,No,No,No internet service,No internet service,No internet service,No internet service,No internet service,No internet service,Month-to-month,No,Mailed check,19.2,156.85,2879
Male,No,No,No,8,Yes,No,DSL,No,No,No,No,No,No,Month-to-month,Yes,Mailed check,45.15,438.4,3721
Male,No,No,Yes,36,Yes,No,Fiber optic,No,Yes,No,No,Yes,Yes,Month-to-month,Yes,Electronic check,94.7,3512.5,4671
Male,Yes,Yes,No,5,Yes,Yes,Fiber optic,No,No,Yes,No,No,No,Month-to-month,Yes,Bank transfer (automatic),79.9,343.95,4324
Male,No,Yes,Yes,22,Yes,No,DSL,No,No,No,Yes,No,No,Month-to-month,Yes,Electronic check,51.1,1232.9,5329
Female,No,Yes,No,42,No,No phone service,DSL,No,Yes,No,Yes,No,No,One year,No,Mailed check,33.55,1445.3,2044
Male,No,Yes,Yes,6,Yes,No,No,No internet service,No internet service,No internet service,No internet service,No internet service,No internet service,Month-to-month,No,Mailed check,19.55,122.9,3072
Female,Yes,No,No,26,Yes,No,Fiber optic,Yes,No,No,No,Yes,No,Month-to-month,Yes,Credit card (automatic),85.8,2193.65,5700
Male,No,No,No,57,No,No phone service,DSL,No,Yes,No,No,Yes,No,Month-to-month,Yes,Electronic check,39.3,2111.45,4917
Male,No,Yes,No,42,Yes,Yes,DSL,Yes,No,No,Yes,Yes,Yes,One year,No,Credit card (automatic),80.45,3375.9,4397
Female,No,No,No,1,Yes,No,Fiber optic,No,No,No,No,Yes,No,Month-to-month,Yes,Electronic check,79.65,79.65,2119
Male,Yes,Yes,No,16,Yes,No,Fiber optic,No,No,Yes,Yes,No,Yes,Month-to-month,Yes,Electronic check,91.55,1540.05,4045
Female,No,No,No,18,Yes,Yes,Fiber optic,No,No,Yes,Yes,No,Yes,Month-to-month,Yes,Bank transfer (automatic),95.05,1679.4,4524
Female,Yes,No,No,22,Yes,No,DSL,Yes,No,Yes,Yes,No,Yes,Month-to-month,Yes,Mailed check,69.75,1545.4,3509
Female,No,Yes,Yes,56,Yes,Yes,No,No internet service,No internet service,No internet service,No internet service,No internet service,No internet service,Two year,Yes,Mailed check,24.45,1385.85,5577
Female,No,No,No,4,Yes,No,DSL,No,Yes,No,No,Yes,Yes,Month-to-month,Yes,Bank transfer (automatic),68.65,261.25,5274
Male,Yes,No,No,26,Yes,No,No,No internet service,No internet service,No internet service,No internet service,No internet service,No internet service,One year,No,Credit card (automatic),19.3,504.2,2269
Female,Yes,No,No,34,No,No phone service,DSL,No,Yes,Yes,No,Yes,Yes,Month-to-month,Yes,Electronic check,56.25,1765.95,5597
Male,No,No,No,26,Yes,No,DSL,No,No,No,Yes,No,No,Month-to-month,No,Bank transfer (automatic),49.15,1237.3,2752
Female,No,No,No,26,Yes,No,Fiber optic,No,No,No,No,No,No,Month-to-month,Yes,Credit card (automatic),69.05,1815.65,5379
Female,No,No,No,32,Yes,Yes,Fiber optic,No,No,Yes,No,Yes,Yes,Month-to-month,Yes,Electronic check,101.35,3334.9,4341
Male,No,Yes,No,4,Yes,Yes,Fiber optic,No,Yes,Yes,No,No,No,Month-to-month,Yes,Bank transfer (automatic),84.8,371.9,4939
Male,No,No,No,1,Yes,No,Fiber optic,No,No,No,Yes,No,No,Month-to-month,No,Electronic check,74.0,74.0,4148
Female,Yes,No,No,7,Yes,No,Fiber optic,No,No,Yes,No,Yes,No,Month-to-month,Yes,Electronic check,84.35,609.65,2107
Female,No,Yes,No,53,Yes,No,No,No internet service,No internet service,No internet service,No internet service,No internet service,No internet service,One year,No,Bank transfer (automatic),20.8,1021.8,4166
Male,No,No,No,3,No,No phone service,DSL,No,No,No,Yes,No,No,Month-to-month,No,Electronic check,30.4,82.15,3108
Male,No,No,No,67,Yes,No,No,No internet service,No internet service,No internet service,No internet service,No internet service,No internet service,Two year,No,Bank transfer (automatic),19.95,1311.75,6212
Female,No,No,No,50,Yes,Yes,Fiber optic,No,No,No,No,Yes,Yes,Month-to-month,Yes,Electronic check,95.7,4729.75,4164
Male,No,No,No,1,Yes,No,No,No internet service,No internet service,No internet service,No internet service,No internet service,No internet service,Month-to-month,No,Mailed check,19.65,19.65,3192
Female,No,No,No,9,Yes,No,No,No internet service,No internet service,No internet service,No internet service,No internet service,No internet service,Month-to-month,No,Mailed check,20.25,186.15,5546
Female,No,Yes,No,2,Yes,No,DSL,No,No,No,No,No,No,Month-to-month,Yes,Credit card (automatic),44.6,80.55,4884
Female,Yes,No,No,1,No,No phone service,DSL,No,No,No,No,No,No,Month-to-month,No,Electronic check,25.25,25.25,4628
Male,No,Yes,Yes,43,Yes,Yes,Fiber optic,No,No,Yes,Yes,Yes,Yes,One year,Yes,Credit card (automatic),104.3,4451.85,3927
Male,No,No,No,70,No,No phone service,DSL,Yes,No,Yes,Yes,No,Yes,Two year,No,Bank transfer (automatic),48.4,3442.8,4483
Male,Yes,Yes,Yes,71,Yes,No,No,No internet service,No internet service,No internet service,No internet service,No internet service,No internet service,Two year,No,Credit card (automatic),19.8,1388.45,5819
Male,No,Yes,Yes,44,Yes,No,Fiber optic,No,No,Yes,No,Yes,Yes,Month-to-month,Yes,Bank transfer (automatic),92.95,4122.9,5635
Male,No,No,No,2,Yes,No,Fiber optic,No,No,No,No,No,No,Month-to-month,No,Credit card (automatic),70.7,140.7,5317
Female,No,No,No,4,Yes,Yes,Fiber optic,No,Yes,No,No,No,No,Month-to-month,No,Bank transfer (automatic),77.95,305.55,5365
Female,No,No,Yes,3,Yes,No,DSL,Yes,No,No,Yes,No,No,Month-to-month,Yes,Mailed check,55.1,154.65,4412
Female,Yes,No,No,28,Yes,Yes,DSL,No,Yes,Yes,Yes,No,No,Month-to-month,No,Bank transfer (automatic),64.45,1867.6,3820
Male,No,Yes,No,29,Yes,No,Fiber optic,No,No,Yes,No,No,No,Month-to-month,Yes,Credit card (automatic),75.3,2263.4,4910
Male,Yes,No,No,1,Yes,No,Fiber optic,No,No,No,No,No,No,Month-to-month,Yes,Electronic check,70.05,70.05,2469
Male,Yes,No,No,9,Yes,Yes,Fiber optic,No,Yes,No,No,Yes,Yes,Month-to-month,Yes,Credit card (automatic),99.45,919.4,2313
Male,No,No,No,71,Yes,Yes,Fiber optic,Yes,No,Yes,Yes,Yes,Yes,Two year,Yes,Electronic check,108.05,7532.15,5200
Male,No,Yes,No,41,Yes,Yes,DSL,No,No,Yes,No,Yes,Yes,One year,Yes,Electronic check,73.0,3001.2,2041
Male,No,Yes,No,56,Yes,Yes,Fiber optic,No,Yes,No,No,Yes,Yes,One year,No,Credit card (automatic),100.3,5614.45,5170
Female,Yes,No,No,1,No,No phone service,DSL,No,No,No,No,No,No,Month-to-month,Yes,Mailed check,25.7,25.7,4095
Female,No,No,No,52,No,No phone service,DSL,Yes,Yes,No,Yes,No,No,Two year,No,Mailed check,39.1,1982.1,4247
Female,No,No,No,67,Yes,Yes,Fiber optic,Yes,Yes,Yes,No,Yes,No,Month-to-month,Yes,Credit card (automatic),102.95,6886.25,5620
Female,No,No,No,29,Yes,No,No,No internet service,No internet service,No internet service,No internet service,No internet service,No internet service,Two year,No,Mailed check,19.4,554.25,2265
Female,No,No,No,42,Yes,No,DSL,Yes,Yes,No,Yes,No,Yes,One year,Yes,Mailed check,67.7,2882.25,5034
Female,No,No,No,16,Yes,No,DSL,Yes,No,No,No,No,No,Month-to-month,Yes,Electronic check,50.15,762.25,4254
Male,No,No,No,14,No,No phone service,DSL,No,Yes,No,No,No,No,Month-to-month,Yes,Mailed check,31.1,419.7,3448
Female,Yes,No,No,18,Yes,No,Fiber optic,No,Yes,No,No,No,No,Month-to-month,Yes,Electronic check,74.7,1294.6,3896
Male,Yes,No,No,12,Yes,Yes,Fiber optic,No,No,Yes,No,Yes,Yes,Month-to-month,Yes,Electronic check,99.45,1200.15,2819
Male,No,No,No,39,Yes,No,No,No internet service,No internet service,No internet service,No internet service,No internet service,No internet service,One year,No,Mailed check,19.9,791.15,4041
Male,No,Yes,No,32,Yes,No,Fiber optic,No,No,No,No,No,No,Month-to-month,Yes,Bank transfer (automatic),69.75,2347.9,2356
Male,No,No,No,62,No,No phone service,DSL,Yes,Yes,Yes,Yes,No,No,Two year,Yes,Bank transfer (automatic),43.7,2618.3,5254
Male,No,No,No,1,Yes,No,No,No internet service,No internet service,No internet service,No internet service,No internet service,No internet service,Month-to-month,No,Bank transfer (automatic),20.95,20.95,2285
Male,Yes,No,No,45,Yes,No,DSL,Yes,No,Yes,No,No,Yes,One year,No,Credit card (automatic),62.7,2791.5,2654
Male,No,No,No,16,Yes,Yes,Fiber optic,No,Yes,No,No,No,No,Month-to-month,Yes,Mailed check,80.55,1248.9,5183
Male,No,No,No,1,Yes,No,DSL,No,No,No,No,Yes,Yes,Month-to-month,Yes,Mailed check,62.8,62.8,2438
Male,No,Yes,No,72,Yes,Yes,DSL,Yes,Yes,Yes,Yes,Yes,Yes,Two year,Yes,Credit card (automatic),92.0,6782.15,5883
Male,No,Yes,No,3,No,No phone service,DSL,No,No,No,No,No,Yes,Month-to-month,Yes,Electronic check,35.15,99.75,2987
Female,No,No,No,29,Yes,No,DSL,Yes,No,Yes,Yes,No,No,One year,No,Credit card (automatic),58.0,1734.5,2810
Male,No,Yes,Yes,15,Yes,No,No,No internet service,No internet service,No internet service,No internet service,No internet service,No internet service,One year,No,Mailed check,19.65,332.65,5928
Male,Yes,Yes,Yes,68,Yes,Yes,Fiber optic,No,No,Yes,Yes,Yes,Yes,One year,Yes,Credit card (automatic),107.15,7379.8,4324
Female,No,Yes,No,0,No,No phone service,DSL,Yes,Yes,Yes,Yes,Yes,No,Two year,No,Credit card (automatic),56.05,0.0,4740
Female,Yes,Yes,Yes,22,Yes,Yes,Fiber optic,No,No,No,No,Yes,No,Month-to-month,No,Bank transfer (automatic),85.35,1961.6,2656
Male,No,No,No,1,Yes,Yes,Fiber optic,No,No,No,No,Yes,No,Month-to-month,No,Electronic check,84.5,84.5,4340
Female,No,No,No,45,Yes,Yes,DSL,Yes,No,No,Yes,No,Yes,Two year,No,Mailed check,73.55,3349.1,2280
Female,No,No,No,26,Yes,No,Fiber optic,No,No,No,No,Yes,Yes,Month-to-month,Yes,Bank transfer (automatic),88.8,2274.35,4910
Male,No,Yes,Yes,72,Yes,Yes,DSL,Yes,Yes,Yes,Yes,Yes,Yes,Two year,Yes,Credit card (automatic),91.95,6614.9,4403
Male,No,Yes,No,67,Yes,Yes,Fiber optic,No,Yes,Yes,Yes,Yes,Yes,Two year,Yes,Bank transfer (automatic),111.3,7567.2,4469
Male,No,No,No,10,Yes,Yes,Fiber optic,No,Yes,Yes,No,No,Yes,Month-to-month,Yes,Electronic check,95.25,1021.55,4810
Male,No,No,No,1,Yes,No,Fiber optic,No,No,No,No,Yes,Yes,Month-to-month,Yes,Electronic check,89.9,89.9,5951
Male,No,Yes,No,51,No,No phone service,DSL,No,Yes,No,No,No,No,Month-to-month,Yes,Credit card (automatic),30.05,1529.45,5045
Male,No,No,No,1,Yes,Yes,Fiber optic,No,No,No,No,Yes,Yes,Month-to-month,Yes,Electronic check,93.3,93.3,2578
Male,No,Yes,No,56,Yes,Yes,No,No internet service,No internet service,No internet service,No internet service,No internet service,No internet service,Two year,Yes,Credit card (automatic),25.15,1327.15,6484
Female,No,Yes,Yes,72,Yes,Yes,Fiber optic,Yes,Yes,No,No,Yes,No,Two year,Yes,Bank transfer (automatic),95.9,6954.15,4213
Male,No,No,No,10,Yes,Yes,No,No internet service,No internet service,No internet service,No internet service,No internet service,No internet service,Month-to-month,Yes,Electronic check,24.0,226.55,5299
Male,No,No,No,22,Yes,No,No,No internet service,No internet service,No internet service,No internet service,No internet service,No internet service,One year,No,Mailed check,20.3,475.1,4510
Female,No,No,No,5,Yes,No,No,No internet service,No internet service,No internet service,No internet service,No internet service,No internet service,Month-to-month,No,Credit card (automatic),20.55,96.1,5967
Male,Yes,Yes,No,30,Yes,Yes,Fiber optic,No,No,No,No,No,No,Month-to-month,No,Mailed check,77.9,2351.45,2009
Male,No,No,No,44,No,No phone service,DSL,No,Yes,Yes,No,Yes,Yes,One year,Yes,Mailed check,53.95,2375.4,3051
Male,No,No,No,18,Yes,No,Fiber optic,No,Yes,Yes,No,Yes,Yes,Month-to-month,No,Credit card (automatic),101.3,1794.65,5948
Female,Yes,No,No,2,Yes,No,DSL,No,No,No,No,No,No,Month-to-month,Yes,Electronic check,44.3,89.3,3805
Female,No,No,No,54,No,No phone service,DSL,Yes,No,No,Yes,No,Yes,One year,No,Bank transfer (automatic),44.1,2369.7,6205
Female,No,No,No,1,Yes,No,Fiber optic,No,No,Yes,No,Yes,Yes,Month-to-month,No,Electronic check,94.4,94.4,5764
Male,No,Yes,Yes,70,Yes,No,No,No internet service,No internet service,No internet service,No internet service,No internet service,No internet service,Two year,No,Credit card (automatic),20.35,1458.1,5748
Female,Yes,No,No,10,Yes,No,Fiber optic,No,No,Yes,No,No,Yes,Month-to-month,Yes,Credit card (automatic),84.6,865.55,3320
Male,No,Yes,No,29,Yes,No,Fiber optic,Yes,No,No,No,Yes,Yes,Month-to-month,No,Credit card (automatic),94.65,2649.15,5150
Male,Yes,No,No,9,Yes,Yes,Fiber optic,No,No,Yes,No,Yes,Yes,Month-to-month,Yes,Electronic check,100.5,918.6,4038
Male,No,No,Yes,60,Yes,Yes,DSL,Yes,No,Yes,Yes,Yes,Yes,Two year,Yes,Electronic check,84.95,4984.85,4104
Female,No,No,No,27,Yes,No,Fiber optic,No,No,Yes,Yes,No,Yes,Month-to-month,Yes,Electronic check,89.2,2383.6,4384
Male,No,Yes,Yes,42,Yes,No,No,No internet service,No internet service,No internet service,No internet service,No internet service,No internet service,Two year,No,Mailed check,19.35,867.3,3433
Male,No,Yes,Yes,64,Yes,Yes,Fiber optic,Yes,Yes,Yes,No,No,No,Month-to-month,Yes,Electronic check,91.8,5960.5,5371
Male,No,Yes,Yes,65,Yes,Yes,No,No internet service,No internet service,No internet service,No internet service,No internet service,No internet service,Two year,No,Credit card (automatic),24.75,1715.1,6263
Female,No,No,No,2,Yes,No,Fiber optic,No,No,No,No,No,No,Month-to-month,Yes,Electronic check,70.15,123.8,4840
Female,No,No,No,68,No,No phone service,DSL,No,Yes,No,Yes,No,Yes,Month-to-month,No,Electronic check,44.95,3085.35,5750
Female,Yes,Yes,No,70,Yes,Yes,Fiber optic,Yes,Yes,Yes,Yes,Yes,Yes,Two year,Yes,Credit card (automatic),113.0,7987.6,4588
Male,Yes,No,No,52,Yes,Yes,Fiber optic,No,No,No,No,No,No,Month-to-month,Yes,Bank transfer (automatic),72.95,3829.75,4368
Male,No,Yes,No,68,Yes,Yes,DSL,No,Yes,No,Yes,No,Yes,Two year,No,Credit card (automatic),70.8,4859.95,5540
Female,No,Yes,No,70,Yes,No,No,No internet service,No internet service,No internet service,No internet service,No internet service,No internet service,Two year,No,Bank transfer (automatic),19.45,1303.5,5540
Female,No,No,No,67,Yes,No,DSL,Yes,Yes,No,Yes,No,No,One year,No,Credit card (automatic),60.5,3870.0,4363
Male,No,Yes,Yes,28,Yes,No,Fiber optic,No,No,Yes,No,Yes,No,Month-to-month,No,Electronic check,85.45,2289.9,4022
Male,No,No,No,24,Yes,Yes,Fiber optic,No,Yes,Yes,No,No,No,Month-to-month,Yes,Bank transfer (automatic),84.85,2048.8,2941
Female,No,Yes,No,2,Yes,No,Fiber optic,Yes,No,No,Yes,No,No,Month-to-month,Yes,Electronic check,80.15,194.55,5251
Female,No,Yes,Yes,68,Yes,Yes,DSL,Yes,Yes,Yes,Yes,No,Yes,One year,Yes,Electronic check,78.45,5333.35,5071
Male,No,Yes,No,58,Yes,Yes,DSL,Yes,Yes,Yes,No,Yes,Yes,Two year,Yes,Electronic check,86.1,4890.5,5666
Female,No,Yes,No,25,Yes,Yes,Fiber optic,No,No,Yes,Yes,Yes,Yes,Month-to-month,Yes,Bank transfer (automatic),104.95,2566.5,3642
Male,No,No,No,10,No,No phone service,DSL,No,Yes,No,Yes,No,No,Month-to-month,No,Electronic check,35.75,389.8,2263
Female,No,Yes,No,56,Yes,Yes,Fiber optic,No,Yes,Yes,Yes,No,Yes,One year,Yes,Credit card (automatic),99.75,5608.4,5926
Male,No,Yes,No,31,Yes,Yes,Fiber optic,Yes,Yes,No,Yes,No,No,Month-to-month,Yes,Credit card (automatic),90.55,2929.75,5722
Female,No,No,Yes,63,Yes,No,No,No internet service,No internet service,No internet service,No internet service,No internet service,No internet service,Two year,No,Credit card (automatic),19.5,1215.1,4370
Male,No,No,No,22,Yes,No,DSL,No,Yes,No,Yes,No,No,One year,Yes,Credit card (automatic),55.15,1193.05,5866
Female,No,Yes,No,7,Yes,No,No,No internet service,No internet service,No internet service,No internet service,No internet service,No internet service,One year,No,Mailed check,20.65,134.05,3575
Female,Yes,No,No,40,No,No phone service,DSL,Yes,Yes,No,No,Yes,Yes,Month-to-month,Yes,Electronic check,55.8,2109.35,4272
Male,No,No,No,54,Yes,Yes,Fiber optic,No,Yes,No,No,No,No,Month-to-month,Yes,Bank transfer (automatic),79.85,4308.25,5166
Female,No,No,No,43,Yes,Yes,No,No internet service,No internet service,No internet service,No internet service,No internet service,No internet service,Two year,Yes,Credit card (automatic),25.7,1188.2,2017
Female,No,Yes,No,3,Yes,Yes,Fiber optic,No,Yes,No,No,No,Yes,Month-to-month,Yes,Credit card (automatic),91.5,242.95,5646
Female,Yes,No,No,14,Yes,No,Fiber optic,Yes,Yes,No,No,No,No,Month-to-month,No,Electronic check,78.85,1043.8,5327
Male,No,Yes,No,1,Yes,No,No,No internet service,No internet service,No internet service,No internet service,No internet service,No internet service,One year,No,Mailed check,19.65,19.65,2539
Male,Yes,Yes,Yes,68,Yes,Yes,Fiber optic,No,Yes,Yes,No,No,No,Month-to-month,Yes,Electronic check,84.65,5683.6,6404
Male,No,Yes,Yes,62,Yes,No,No,No internet service,No internet service,No internet service,No internet service,No internet service,No internet service,Two year,No,Bank transfer (automatic),20.45,1297.35,5746
Male,No,No,No,63,Yes,Yes,Fiber optic,No,Yes,No,No,No,Yes,One year,No,Credit card (automatic),90.45,5825.5,4616
Male,No,Yes,Yes,29,Yes,Yes,DSL,No,Yes,Yes,No,Yes,Yes,Month-to-month,No,Credit card (automatic),80.1,2211.8,4558
Female,No,Yes,Yes,29,Yes,No,Fiber optic,No,No,No,No,Yes,Yes,Month-to-month,Yes,Credit card (automatic),87.8,2621.75,4780
Female,No,No,No,23,No,No phone service,DSL,No,No,No,No,Yes,Yes,Month-to-month,Yes,Electronic check,44.95,996.85,3248
Female,No,No,Yes,2,Yes,Yes,Fiber optic,Yes,No,No,No,No,No,Month-to-month,No,Credit card (automatic),80.55,188.1,5346
Female,No,No,No,8,Yes,No,Fiber optic,No,No,No,No,Yes,No,Month-to-month,Yes,Bank transfer (automatic),80.0,624.6,2165
Female,No,Yes,No,36,Yes,No,Fiber optic,No,No,No,No,No,Yes,Month-to-month,No,Electronic check,80.4,2937.65,5544
Female,Yes,Yes,Yes,66,Yes,Yes,Fiber optic,No,Yes,Yes,No,Yes,Yes,One year,Yes,Electronic check,104.9,6891.45,4892
Female,No,Yes,No,16,Yes,No,Fiber optic,No,Yes,Yes,No,Yes,No,Month-to-month,Yes,Credit card (automatic),89.45,1430.25,3696
Male,No,No,Yes,0,Yes,Yes,DSL,Yes,Yes,No,Yes,No,No,Two year,Yes,Bank transfer (automatic),61.9,0.0,5188
Male,Yes,Yes,Yes,65,Yes,Yes,Fiber optic,Yes,Yes,No,No,No,No,Month-to-month,Yes,Electronic check,85.75,5688.45,4978
Female,Yes,No,No,49,Yes,Yes,Fiber optic,Yes,Yes,Yes,Yes,No,Yes,One year,No,Bank transfer (automatic),103.0,5166.2,5023
Female,No,Yes,No,9,Yes,Yes,Fiber optic,Yes,Yes,Yes,No,No,No,Month-to-month,No,Bank transfer (automatic),91.75,865.8,4176
Male,No,Yes,No,29,Yes,Yes,Fiber optic,No,Yes,Yes,No,No,No,Month-to-month,Yes,Electronic check,85.8,2440.25,2568
Female,Yes,Yes,No,1,Yes,No,Fiber optic,No,Yes,No,No,No,No,Month-to-month,Yes,Mailed check,76.4,76.4,2426
Female,Yes,No,No,23,Yes,No,Fiber optic,No,Yes,No,No,Yes,Yes,Month-to-month,Yes,Electronic check,94.75,2293.6,2740
Female,No,Yes,No,72,Yes,Yes,Fiber optic,Yes,Yes,No,No,No,No,Two year,Yes,Bank transfer (automatic),84.05,6052.25,5515
Male,No,No,No,65,Yes,No,No,No internet service,No internet service,No internet service,No internet service,No internet service,No internet service,Two year,Yes,Credit card (automatic),19.55,1218.65,4309
Male,No,Yes,Yes,9,Yes,Yes,Fiber optic,No,Yes,Yes,No,Yes,Yes,Month-to-month,Yes,Credit card (automatic),102.6,897.75,4062
Female,Yes,Yes,No,27,Yes,Yes,Fiber optic,Yes,No,No,Yes,Yes,Yes,Month-to-month,Yes,Bank transfer (automatic),104.3,2867.75,3444
Male,Yes,No,No,71,No,No phone service,DSL,Yes,Yes,No,No,Yes,Yes,One year,Yes,Electronic check,56.45,3985.35,5372
Female,No,Yes,Yes,24,Yes,No,No,No internet service,No internet service,No internet service,No internet service,No internet service,No internet service,Two year,Yes,Mailed check,19.7,494.05,3594
Male,Yes,Yes,No,64,Yes,Yes,No,No internet service,No internet service,No internet service,No internet service,No internet service,No internet service,Two year,No,Credit card (automatic),25.65,1740.8,6469
Male,No,No,No,72,No,No phone service,DSL,Yes,No,Yes,Yes,Yes,Yes,Two year,Yes,Credit card (automatic),61.2,4390.25,4085
Male,No,Yes,Yes,58,Yes,Yes,Fiber optic,No,No,No,No,Yes,No,Two year,No,Bank transfer (automatic),82.5,4828.05,4348
Male,No,Yes,No,17,No,No phone service,DSL,No,No,Yes,Yes,Yes,Yes,One year,No,Electronic check,54.6,934.8,4590
Male,No,No,No,5,Yes,No,Fiber optic,No,No,No,No,Yes,No,Month-to-month,Yes,Mailed check,80.1,398.55,5225
Male,No,Yes,Yes,61,Yes,No,DSL,Yes,Yes,Yes,Yes,No,No,Two year,Yes,Bank transfer (automatic),68.05,4158.25,4436
Female,Yes,Yes,No,69,Yes,No,Fiber optic,Yes,Yes,No,No,No,Yes,One year,No,Credit card (automatic),87.3,6055.55,4148
Male,No,No,No,50,Yes,Yes,Fiber optic,Yes,Yes,Yes,Yes,Yes,Yes,One year,No,Credit card (automatic),114.35,5791.1,5068
Female,No,Yes,Yes,45,Yes,Yes,No,No internet service,No internet service,No internet service,No internet service,No internet service,No internet service,Two year,Yes,Credit card (automatic),24.65,1171.3,2194
Female,No,Yes,Yes,10,Yes,No,No,No internet service,No internet service,No internet service,No internet service,No internet service,No internet service,Month-to-month,Yes,Bank transfer (automatic),19.8,196.75,3196
Male,No,Yes,No,29,Yes,Yes,Fiber optic,Yes,Yes,No,No,No,No,Month-to-month,Yes,Electronic check,84.45,2467.1,2651
Female,Yes,Yes,No,66,Yes,Yes,Fiber optic,No,No,Yes,Yes,Yes,Yes,One year,Yes,Credit card (automatic),105.95,6975.25,6117
Female,No,Yes,No,12,Yes,No,No,No internet service,No internet service,No internet service,No internet service,No internet service,No internet service,Two year,Yes,Electronic check,20.05,264.55,5453
Female,No,No,No,58,Yes,Yes,No,No internet service,No internet service,No internet service,No internet service,No internet service,No internet service,Two year,No,Credit card (automatic),24.35,1423.85,6190
Male,No,No,No,8,Yes,No,DSL,No,No,No,No,Yes,Yes,Month-to-month,Yes,Electronic check,66.25,546.45,3026
Male,No,Yes,Yes,54,Yes,Yes,No,No internet service,No internet service,No internet service,No internet service,No internet service,No internet service,Two year,Yes,Bank transfer (automatic),24.05,1230.9,4039
Female,No,Yes,No,42,Yes,Yes,DSL,Yes,No,Yes,Yes,Yes,Yes,Two year,No,Credit card (automatic),84.35,3571.6,3363
Male,No,No,No,38,Yes,Yes,Fiber optic,No,No,Yes,No,Yes,Yes,Month-to-month,Yes,Bank transfer (automatic),99.25,3777.15,5274
Male,No,No,No,12,Yes,Yes,Fiber optic,No,No,No,No,Yes,No,Month-to-month,Yes,Electronic check,84.45,1059.55,3330
Female,No,No,No,14,Yes,No,Fiber optic,No,Yes,No,Yes,No,No,Month-to-month,Yes,Credit card (automatic),80.05,1112.3,4400
Female,No,Yes,Yes,68,Yes,Yes,DSL,Yes,Yes,Yes,Yes,Yes,Yes,Two year,No,Credit card (automatic),88.0,6161.9,5436
Female,No,No,No,9,Yes,Yes,Fiber optic,No,No,No,No,No,No,Month-to-month,Yes,Electronic check,76.85,663.55,4834
Male,No,Yes,No,6,Yes,No,Fiber optic,No,Yes,No,No,No,Yes,Month-to-month,Yes,Credit card (automatic),83.55,477.55,4242
Male,No,Yes,No,67,Yes,No,Fiber optic,Yes,Yes,No,No,No,Yes,One year,Yes,Credit card (automatic),90.6,6056.15,4394
Female,Yes,Yes,No,52,Yes,Yes,Fiber optic,No,Yes,Yes,No,Yes,Yes,One year,Yes,Electronic check,106.5,5621.85,4499
Male,No,Yes,No,40,Yes,No,Fiber optic,No,Yes,Yes,No,No,No,Month-to-month,Yes,Electronic check,80.0,3168.75,2478
Female,No,No,No,1,Yes,No,Fiber optic,No,No,No,No,No,No,Month-to-month,Yes,Mailed check,69.95,69.95,5341
Male,No,No,No,10,Yes,No,Fiber optic,No,No,No,Yes,Yes,Yes,Month-to-month,Yes,Credit card (automatic),95.1,865.1,5787
Female,No,Yes,No,42,Yes,Yes,No,No internet service,No internet service,No internet service,No internet service,No internet service,No internet service,Two year,No,Electronic check,25.25,1108.2,3052
Male,Yes,No,No,20,Yes,No,Fiber optic,No,No,No,No,No,No,Month-to-month,No,Credit card (automatic),71.3,1389.2,3684
Male,No,No,No,46,Yes,No,No,No internet service,No internet service,No internet service,No internet service,No internet service,No internet service,Two year,No,Electronic check,19.95,907.05,4006
Male,No,No,No,7,Yes,Yes,Fiber optic,No,No,No,No,Yes,Yes,Month-to-month,No,Electronic check,96.2,639.7,4329
Male,No,Yes,Yes,70,Yes,Yes,No,No internet service,No internet service,No internet service,No internet service,No internet service,No internet service,Two year,No,Credit card (automatic),25.15,1790.15,5114
Female,Yes,No,No,66,Yes,Yes,Fiber optic,Yes,No,No,No,Yes,Yes,Two year,Yes,Bank transfer (automatic),102.4,6471.85,4861
Male,No,Yes,Yes,16,Yes,Yes,Fiber optic,No,No,Yes,No,Yes,No,Month-to-month,Yes,Bank transfer (automatic),90.8,1442.2,5560
Female,No,Yes,Yes,22,Yes,Yes,No,No internet service,No internet service,No internet service,No internet service,No internet service,No internet service,Two year,No,Credit card (automatic),25.25,555.4,4386
Female,Yes,No,No,1,Yes,No,Fiber optic,No,No,No,No,No,No,Month-to-month,Yes,Electronic check,69.65,69.65,4741
Female,Yes,Yes,No,3,No,No phone service,DSL,No,Yes,No,No,No,No,Month-to-month,Yes,Electronic check,30.75,82.85,4133
Female,Yes,No,No,11,Yes,Yes,DSL,Yes,No,No,No,No,No,Month-to-month,Yes,Electronic check,55.6,580.8,5014
Female,No,No,No,2,Yes,No,No,No internet service,No internet service,No internet service,No internet service,No internet service,No internet service,Month-to-month,Yes,Mailed check,20.0,40.9,2237
Male,No,No,No,17,Yes,No,Fiber optic,Yes,No,No,No,Yes,Yes,Month-to-month,No,Electronic check,93.85,1625.65,4940
Female,No,No,No,1,Yes,No,Fiber optic,No,No,No,No,No,No,Month-to-month,Yes,Electronic check,70.1,70.1,2007
Male,No,No,No,1,Yes,No,No,No internet service,No internet service,No internet service,No internet service,No internet service,No internet service,Month-to-month,No,Mailed check,20.2,20.2,4496
Male,No,No,Yes,1,Yes,No,DSL,No,No,No,No,No,No,Month-to-month,No,Electronic check,44.0,44.0,4020
Female,No,No,No,64,Yes,Yes,No,No internet service,No internet service,No internet service,No internet service,No internet service,No internet service,One year,No,Mailed check,24.7,1642.75,5655
Female,Yes,No,No,2,Yes,Yes,Fiber optic,No,No,Yes,No,No,No,Month-to-month,Yes,Electronic check,78.55,149.55,5203
Male,Yes,Yes,No,1,Yes,Yes,Fiber optic,Yes,No,No,No,No,No,Month-to-month,Yes,Electronic check,80.3,80.3,4138
Female,No,Yes,Yes,72,No,No phone service,DSL,Yes,No,Yes,No,Yes,Yes,Two year,Yes,Credit card (automatic),53.8,3952.45,4954
Male,No,Yes,No,72,Yes,Yes,Fiber optic,Yes,Yes,Yes,Yes,Yes,Yes,Two year,Yes,Credit card (automatic),116.95,8594.4,5949
Male,No,Yes,No,67,Yes,No,DSL,Yes,No,Yes,Yes,No,Yes,Two year,No,Mailed check,67.85,4627.65,4792
Male,Yes,Yes,No,72,Yes,Yes,DSL,No,No,Yes,No,Yes,Yes,Two year,Yes,Credit card (automatic),73.45,5329.0,5540
Female,Yes,Yes,No,65,Yes,Yes,Fiber optic,No,Yes,Yes,No,Yes,Yes,Month-to-month,Yes,Bank transfer (automatic),108.8,7082.45,5225
Female,No,No,Yes,72,Yes,No,No,No internet service,No internet service,No internet service,No internet service,No internet service,No internet service,Two year,Yes,Mailed check,19.75,1567.0,5478
Female,No,No,No,20,Yes,No,Fiber optic,Yes,No,Yes,No,Yes,No,Month-to-month,Yes,Bank transfer (automatic),89.4,1871.15,2098
Male,Yes,Yes,No,2,Yes,Yes,Fiber optic,No,No,No,No,Yes,No,Month-to-month,Yes,Mailed check,86.85,156.35,5204
Male,No,Yes,No,70,Yes,Yes,Fiber optic,Yes,Yes,Yes,No,Yes,No,Two year,Yes,Credit card (automatic),99.35,6944.5,4120
Male,No,Yes,Yes,68,No,No phone service,DSL,Yes,Yes,No,No,Yes,No,One year,No,Mailed check,44.8,2983.65,4112
Male,Yes,Yes,No,49,Yes,Yes,Fiber optic,Yes,Yes,Yes,No,No,No,Month-to-month,Yes,Electronic check,88.2,4159.45,5987
Male,No,Yes,No,68,No,No phone service,DSL,Yes,No,Yes,No,Yes,Yes,Two year,Yes,Bank transfer (automatic),54.1,3794.5,4601
Male,No,No,No,30,Yes,No,No,No internet service,No internet service,No internet service,No internet service,No internet service,No internet service,One year,No,Mailed check,19.7,625.05,3302
Female,No,No,No,34,Yes,No,DSL,Yes,Yes,No,No,No,Yes,One year,No,Electronic check,64.35,2053.05,3445
Female,No,Yes,Yes,58,Yes,No,Fiber optic,Yes,Yes,No,No,Yes,Yes,One year,No,Credit card (automatic),99.25,5846.65,4098
Male,No,No,Yes,12,Yes,No,No,No internet service,No internet service,No internet service,No internet service,No internet service,No internet service,Month-to-month,No,Credit card (automatic),21.05,235.8,4001
Male,No,No,No,19,Yes,No,DSL,No,No,Yes,Yes,No,No,Month-to-month,Yes,Credit card (automatic),55.0,1046.5,4539
Female,No,No,No,24,Yes,Yes,Fiber optic,No,No,No,Yes,No,Yes,Month-to-month,Yes,Electronic check,89.55,2259.35,5352
Male,No,Yes,No,22,Yes,No,Fiber optic,No,No,Yes,No,Yes,Yes,Month-to-month,Yes,Credit card (automatic),94.7,1914.9,5615
Male,Yes,Yes,No,59,Yes,Yes,Fiber optic,No,No,No,No,Yes,Yes,Month-to-month,Yes,Bank transfer (automatic),93.85,5574.75,5390
Male,No,No,No,22,Yes,Yes,No,No internet service,No internet service,No internet service,No internet service,No internet service,No internet service,Two year,No,Mailed check,25.25,566.5,3403
Male,No,Yes,No,56,No,No phone service,DSL,No,No,Yes,Yes,Yes,Yes,One year,Yes,Bank transfer (automatic),54.05,2959.8,6445
Female,Yes,No,No,32,Yes,No,Fiber optic,No,No,No,No,Yes,Yes,Month-to-month,No,Electronic check,90.95,2897.95,5936
Male,No,No,No,1,Yes,No,No,No internet service,No internet service,No internet service,No internet service,No internet service,No internet service,Month-to-month,No,Electronic check,19.2,19.2,2716
Male,No,Yes,Yes,72,Yes,Yes,Fiber optic,Yes,No,Yes,No,Yes,Yes,One year,Yes,Bank transfer (automatic),106.1,7848.5,6283
Male,No,Yes,No,70,Yes,Yes,DSL,No,Yes,Yes,Yes,Yes,No,Two year,No,Credit card (automatic),76.1,5264.25,5115
Female,No,No,No,18,Yes,Yes,Fiber optic,No,No,No,Yes,Yes,Yes,Month-to-month,Yes,Bank transfer (automatic),99.85,1776.95,3068
Male,No,Yes,No,70,Yes,Yes,DSL,Yes,Yes,Yes,Yes,Yes,No,Two year,No,Mailed check,79.15,5536.5,4408
Male,No,Yes,Yes,66,Yes,No,DSL,Yes,Yes,Yes,Yes,Yes,No,One year,Yes,Electronic check,75.1,5013.0,6123
Female,No,Yes,Yes,51,No,No phone service,DSL,Yes,No,No,Yes,No,No,Two year,No,Bank transfer (automatic),34.2,1782.0,6404
Male,No,Yes,Yes,6,Yes,No,No,No internet service,No internet service,No internet service,No internet service,No internet service,No internet service,Month-to-month,No,Credit card (automatic),19.85,138.85,2186
Male,Yes,No,No,2,Yes,Yes,Fiber optic,No,No,No,No,Yes,Yes,Month-to-month,Yes,Electronic check,93.85,196.75,4998
Male,No,No,No,67,Yes,No,DSL,No,No,No,Yes,No,No,Two year,No,Bank transfer (automatic),50.55,3260.1,6064
Female,No,No,No,3,Yes,No,DSL,Yes,Yes,No,No,No,No,Month-to-month,No,Electronic check,55.35,165.2,5787
Male,No,No,No,71,Yes,No,No,No internet service,No internet service,No internet service,No internet service,No internet service,No internet service,Two year,Yes,Credit card (automatic),19.9,1355.1,5308
Male,No,No,No,17,Yes,No,DSL,Yes,Yes,No,No,No,No,One year,No,Mailed check,56.1,946.95,5025
Male,No,No,No,45,Yes,Yes,Fiber optic,No,Yes,No,No,Yes,Yes,Month-to-month,Yes,Credit card (automatic),100.85,4740.0,4898
Female,No,Yes,No,8,Yes,No,No,No internet service,No internet service,No internet service,No internet service,No internet service,No internet service,One year,Yes,Mailed check,19.75,145.0,2247
Female,No,Yes,No,71,Yes,Yes,DSL,Yes,Yes,Yes,Yes,Yes,Yes,Two year,No,Credit card (automatic),85.75,6223.8,4487
Female,No,Yes,No,68,Yes,Yes,Fiber optic,No,Yes,Yes,No,No,No,One year,No,Credit card (automatic),86.45,5762.95,4480
Female,No,No,Yes,2,Yes,No,Fiber optic,No,No,No,No,Yes,No,Month-to-month,Yes,Electronic check,80.65,144.15,5586
Female,No,No,No,37,Yes,No,No,No internet service,No internet service,No internet service,No internet service,No internet service,No internet service,Two year,No,Mailed check,19.8,813.3,5336
Male,No,Yes,No,31,Yes,Yes,Fiber optic,No,No,Yes,No,Yes,No,Month-to-month,No,Credit card (automatic),88.65,2683.2,4821
Male,Yes,No,No,64,Yes,Yes,Fiber optic,Yes,Yes,No,No,Yes,Yes,Month-to-month,Yes,Bank transfer (automatic),103.5,6548.65,5125
Female,No,No,No,52,Yes,Yes,DSL,No,No,Yes,Yes,Yes,Yes,Two year,Yes,Bank transfer (automatic),80.95,4233.95,4924
Male,Yes,No,No,54,Yes,No,DSL,No,No,Yes,Yes,No,Yes,One year,No,Bank transfer (automatic),65.25,3529.95,6161
Female,Yes,Yes,No,42,Yes,No,Fiber optic,Yes,No,No,No,No,No,Month-to-month,Yes,Credit card (automatic),74.15,3229.4,2322
Male,No,No,No,27,Yes,No,No,No internet service,No internet service,No internet service,No internet service,No internet service,No internet service,Month-to-month,Yes,Electronic check,19.4,529.8,3792
Female,Yes,No,No,5,Yes,No,Fiber optic,Yes,Yes,No,No,No,No,Month-to-month,No,Electronic check,80.7,374.8,3468
Male,No,Yes,No,71,Yes,Yes,DSL,No,Yes,Yes,Yes,Yes,Yes,Two year,No,Credit card (automatic),84.2,5956.85,4753
Male,No,No,No,7,Yes,Yes,Fiber optic,No,No,Yes,No,Yes,No,Month-to-month,Yes,Credit card (automatic),89.35,631.85,4154
Female,No,No,No,4,No,No phone service,DSL,Yes,No,No,No,No,No,Month-to-month,Yes,Mailed check,29.15,110.05,2657
Male,No,No,No,9,Yes,Yes,DSL,No,No,No,No,No,Yes,Month-to-month,No,Mailed check,59.9,542.4,5414
Female,No,Yes,Yes,72,Yes,No,Fiber optic,Yes,Yes,Yes,Yes,Yes,Yes,Two year,Yes,Bank transfer (automatic),108.65,7726.35,5730
Female,No,Yes,No,62,Yes,Yes,DSL,Yes,Yes,No,Yes,Yes,Yes,Two year,Yes,Electronic check,84.95,5150.55,6307
Male,No,Yes,Yes,71,Yes,Yes,No,No internet service,No internet service,No internet service,No internet service,No internet service,No internet service,Two year,No,Credit card (automatic),23.9,1626.4,5574
Male,No,No,No,14,Yes,Yes,Fiber optic,No,No,No,Yes,Yes,No,Month-to-month,Yes,Electronic check,89.95,1178.4,5463
Female,No,Yes,No,2,Yes,No,Fiber optic,No,No,No,No,No,No,Month-to-month,Yes,Electronic check,70.35,120.25,4917
Female,No,No,No,48,Yes,Yes,Fiber optic,No,No,Yes,Yes,Yes,Yes,Month-to-month,Yes,Electronic check,103.85,4946.05,4304
Female,No,No,No,72,Yes,Yes,Fiber optic,Yes,Yes,Yes,Yes,Yes,Yes,Two year,Yes,Credit card (automatic),112.75,8192.6,4927
Male,No,Yes,Yes,19,No,No phone service,DSL,Yes,Yes,No,No,No,No,Month-to-month,Yes,Mailed check,34.95,610.2,3422
Female,No,Yes,No,18,Yes,No,DSL,No,No,No,Yes,No,No,Month-to-month,Yes,Mailed check,50.3,908.75,3740
Female,No,No,No,54,Yes,No,DSL,Yes,No,Yes,Yes,Yes,Yes,Two year,No,Electronic check,80.6,4299.95,4231
Female,No,No,No,33,Yes,Yes,Fiber optic,No,Yes,Yes,No,Yes,Yes,Month-to-month,No,Electronic check,107.55,3645.5,4800
Male,No,No,No,6,Yes,No,DSL,Yes,No,Yes,Yes,Yes,Yes,Month-to-month,No,Credit card (automatic),78.65,483.3,2724
Female,No,Yes,No,57,No,No phone service,DSL,Yes,No,Yes,Yes,No,Yes,Month-to-month,Yes,Bank transfer (automatic),49.9,2782.4,5866
Male,No,No,No,17,Yes,No,No,No internet service,No internet service,No internet service,No internet service,No internet service,No internet service,One year,Yes,Mailed check,20.5,365.8,2259
Female,No,No,No,1,Yes,No,Fiber optic,No,Yes,No,No,No,No,Month-to-month,Yes,Credit card (automatic),74.3,74.3,5996
Female,No,Yes,Yes,1,Yes,No,No,No internet service,No internet service,No internet service,No internet service,No internet service,No internet service,Two year,No,Mailed check,20.35,20.35,4836
Male,No,No,No,57,Yes,No,No,No internet service,No internet service,No internet service,No internet service,No internet service,No internet service,Two year,Yes,Mailed check,19.6,1170.55,4393
Male,No,No,No,1,Yes,No,No,No internet service,No internet service,No internet service,No internet service,No internet service,No internet service,Month-to-month,No,Mailed check,19.7,19.7,5707
Female,No,Yes,No,39,Yes,Yes,Fiber optic,No,Yes,Yes,Yes,No,No,One year,Yes,Electronic check,89.55,3474.45,3849
Male,No,No,No,33,Yes,No,Fiber optic,No,No,No,No,No,No,Month-to-month,No,Electronic check,68.25,2171.15,5647
Male,No,Yes,No,60,Yes,Yes,Fiber optic,Yes,No,Yes,No,Yes,No,One year,Yes,Bank transfer (automatic),95.4,5812.0,4149
Male,Yes,Yes,No,24,Yes,No,Fiber optic,No,No,Yes,No,Yes,Yes,Month-to-month,Yes,Electronic check,93.15,2231.05,2212
Male,No,No,No,33,Yes,Yes,Fiber optic,Yes,No,No,No,No,No,One year,No,Bank transfer (automatic),80.1,2603.3,3957
Female,Yes,Yes,No,70,Yes,Yes,Fiber optic,No,Yes,No,Yes,Yes,Yes,One year,Yes,Bank transfer (automatic),105.55,7195.35,4605
Male,No,Yes,No,36,Yes,Yes,Fiber optic,No,No,No,No,Yes,Yes,Month-to-month,Yes,Bank transfer (automatic),95.0,3440.25,3057
Female,No,Yes,No,72,Yes,Yes,Fiber optic,No,Yes,Yes,Yes,Yes,Yes,One year,Yes,Bank transfer (automatic),108.5,8003.8,6288
Female,Yes,No,No,1,Yes,No,Fiber optic,No,No,No,No,Yes,No,Month-to-month,Yes,Electronic check,79.2,79.2,4363
Male,No,No,No,3,Yes,No,DSL,Yes,No,No,No,No,No,Month-to-month,Yes,Mailed check,50.15,160.85,2085
Female,No,Yes,Yes,1,Yes,No,No,No internet service,No internet service,No internet service,No internet service,No internet service,No internet service,Month-to-month,No,Electronic check,20.0,20.0,2358
Female,Yes,Yes,No,56,Yes,Yes,Fiber optic,No,No,No,Yes,No,No,Month-to-month,Yes,Bank transfer (automatic),76.85,4275.75,6035
Male,No,Yes,No,66,Yes,Yes,Fiber optic,No,Yes,Yes,No,No,Yes,One year,No,Electronic check,95.3,6273.4,5706
Male,Yes,No,No,57,Yes,Yes,Fiber optic,No,Yes,No,Yes,Yes,Yes,Month-to-month,Yes,Bank transfer (automatic),104.9,5913.95,5838
Female,Yes,No,No,62,Yes,Yes,Fiber optic,No,No,No,No,Yes,No,One year,No,Electronic check,84.45,4959.15,4166
Male,No,No,No,7,Yes,No,No,No internet service,No internet service,No internet service,No internet service,No internet service,No internet service,Month-to-month,Yes,Mailed check,19.4,168.65,5873
Female,No,No,No,24,No,No phone service,DSL,No,Yes,Yes,No,Yes,Yes,Month-to-month,Yes,Credit card (automatic),54.15,1240.25,5153
Male,No,Yes,No,60,Yes,No,No,No internet service,No internet service,No internet service,No internet service,No internet service,No internet service,Two year,No,Mailed check,19.95,1258.15,5971
Female,No,Yes,Yes,63,Yes,No,DSL,Yes,Yes,Yes,Yes,No,No,Two year,No,Mailed check,63.55,4014.2,5733
Female,No,Yes,No,55,Yes,Yes,Fiber optic,No,Yes,Yes,No,Yes,Yes,Month-to-month,Yes,Credit card (automatic),103.65,5676.65,4768
Male,No,Yes,Yes,68,Yes,Yes,Fiber optic,Yes,Yes,Yes,No,Yes,Yes,Two year,Yes,Electronic check,110.2,7467.5,4108
Male,Yes,Yes,No,23,Yes,No,No,No internet service,No internet service,No internet service,No internet service,No internet service,No internet service,One year,Yes,Electronic check,20.75,485.2,3418
Male,No,No,No,28,Yes,No,Fiber optic,Yes,No,No,No,No,No,Month-to-month,Yes,Bank transfer (automatic),74.9,2068.55,5392
Female,No,Yes,No,71,Yes,No,DSL,Yes,Yes,Yes,Yes,Yes,Yes,Two year,Yes,Credit card (automatic),84.4,5969.3,5619
Male,Yes,No,No,64,Yes,No,No,No internet service,No internet service,No internet service,No internet service,No internet service,No internet service,Two year,Yes,Bank transfer (automatic),20.05,1198.05,4309
Female,No,No,No,18,Yes,No,Fiber optic,No,Yes,Yes,No,No,No,Month-to-month,No,Electronic check,77.8,1358.6,4228
Female,No,No,No,6,Yes,Yes,Fiber optic,No,Yes,No,No,Yes,No,Month-to-month,Yes,Electronic check,89.75,552.65,2370
Male,Yes,No,No,9,Yes,Yes,Fiber optic,No,No,No,No,No,Yes,Month-to-month,Yes,Electronic check,85.05,746.5,5095
Female,No,No,No,18,Yes,Yes,Fiber optic,No,No,No,Yes,No,Yes,Month-to-month,Yes,Electronic check,90.1,1612.75,4260
Female,No,No,No,59,Yes,Yes,DSL,Yes,Yes,Yes,Yes,No,Yes,One year,No,Credit card (automatic),79.85,4786.1,6041
Male,No,No,No,1,Yes,No,No,No internet service,No internet service,No internet service,No internet service,No internet service,No internet service,Month-to-month,Yes,Mailed check,20.2,20.2,5355
Female,No,Yes,Yes,71,Yes,Yes,Fiber optic,Yes,No,Yes,Yes,No,Yes,Two year,No,Electronic check,100.45,7159.7,6171
Female,No,No,No,12,Yes,No,Fiber optic,No,No,No,No,No,Yes,Month-to-month,No,Bank transfer (automatic),78.1,947.3,4741
Male,No,Yes,No,17,Yes,No,Fiber optic,No,No,Yes,No,Yes,Yes,One year,Yes,Bank transfer (automatic),96.65,1588.25,5228
Male,Yes,Yes,No,38,No,No phone service,DSL,No,No,No,No,No,No,Month-to-month,Yes,Electronic check,24.85,955.75,3511
Male,No,Yes,No,22,Yes,No,No,No internet service,No internet service,No internet service,No internet service,No internet service,No internet service,One year,No,Mailed check,20.15,419.9,2173
Female,No,No,No,7,Yes,No,No,No internet service,No internet service,No internet service,No internet service,No internet service,No internet service,Month-to-month,No,Mailed check,19.3,144.95,4764
Female,No,Yes,Yes,71,Yes,Yes,DSL,Yes,Yes,Yes,Yes,No,No,Two year,No,Mailed check,71.1,5224.95,6090
Female,No,No,No,43,Yes,No,Fiber optic,No,Yes,Yes,No,Yes,No,Month-to-month,Yes,Electronic check,91.65,3954.1,3826
Male,No,No,No,17,No,No phone service,DSL,No,No,No,No,No,No,Month-to-month,No,Credit card (automatic),25.1,382.8,4580
Female,Yes,Yes,No,6,Yes,Yes,Fiber optic,No,No,No,No,No,Yes,Month-to-month,Yes,Electronic check,84.35,474.9,5721
Female,No,No,No,9,Yes,No,Fiber optic,No,No,No,No,Yes,Yes,Month-to-month,Yes,Mailed check,88.4,788.6,2952
Male,No,No,No,64,Yes,Yes,Fiber optic,No,Yes,No,Yes,Yes,Yes,One year,Yes,Credit card (automatic),105.65,6903.1,4870
Male,No,Yes,No,72,Yes,No,DSL,Yes,Yes,No,Yes,Yes,Yes,Two year,Yes,Bank transfer (automatic),79.35,5753.25,4278
Female,No,Yes,No,28,Yes,No,Fiber optic,No,Yes,Yes,No,No,Yes,Month-to-month,No,Credit card (automatic),89.9,2433.5,3676
Male,No,No,No,5,Yes,No,Fiber optic,No,No,No,No,Yes,No,Month-to-month,Yes,Electronic check,80.6,415.55,5715
Male,No,No,No,72,Yes,Yes,DSL,Yes,No,Yes,Yes,Yes,Yes,Two year,No,Credit card (automatic),84.3,5997.1,6012
Female,No,No,No,1,Yes,No,No,No internet service,No internet service,No internet service,No internet service,No internet service,No internet service,Month-to-month,No,Mailed check,19.55,19.55,3968
Male,Yes,Yes,No,51,No,No phone service,DSL,No,Yes,No,No,No,No,Month-to-month,Yes,Credit card (automatic),29.45,1459.35,6285
Male,No,No,No,35,Yes,Yes,Fiber optic,No,No,Yes,Yes,Yes,No,Month-to-month,No,Electronic check,95.5,3418.2,3715
Female,No,No,No,2,Yes,No,Fiber optic,No,No,No,No,Yes,No,Month-to-month,Yes,Electronic check,80.2,146.05,4381
Female,No,No,No,10,Yes,No,DSL,No,No,No,No,No,No,Month-to-month,No,Mailed check,45.25,428.7,5369
Male,No,Yes,Yes,30,Yes,No,Fiber optic,No,Yes,Yes,No,No,No,Month-to-month,No,Bank transfer (automatic),82.05,2570.2,5036
Female,No,Yes,Yes,43,Yes,No,DSL,No,Yes,No,No,No,No,Month-to-month,No,Mailed check,50.2,2169.4,5284
Female,No,No,No,35,Yes,Yes,Fiber optic,No,No,Yes,No,Yes,Yes,Month-to-month,Yes,Electronic check,100.25,3527.6,2744
Female,No,No,No,27,Yes,No,No,No internet service,No internet service,No internet service,No internet service,No internet service,No internet service,One year,No,Mailed check,19.15,501.35,5606
Female,No,No,No,53,Yes,Yes,Fiber optic,Yes,Yes,Yes,No,No,No,Month-to-month,No,Electronic check,90.8,4921.2,5249
Male,Yes,Yes,No,27,Yes,No,Fiber optic,No,No,No,No,No,No,Month-to-month,Yes,Electronic check,70.55,1943.9,2534
Female,No,Yes,No,72,Yes,Yes,Fiber optic,No,Yes,Yes,Yes,Yes,Yes,One year,Yes,Electronic check,109.25,8109.8,4261
Male,No,No,No,3,No,No phone service,DSL,No,No,No,No,No,No,Month-to-month,No,Electronic check,24.75,66.95,3503
Female,No,No,No,45,Yes,Yes,Fiber optic,No,No,Yes,Yes,No,No,Month-to-month,Yes,Electronic check,87.25,3941.7,5269
Female,No,Yes,Yes,67,Yes,Yes,Fiber optic,No,Yes,No,Yes,Yes,No,Two year,No,Credit card (automatic),94.1,6302.8,4803
Female,No,Yes,No,49,Yes,No,Fiber optic,No,Yes,Yes,No,Yes,Yes,Month-to-month,No,Electronic check,99.4,5025.0,4725
Male,No,No,No,2,Yes,No,No,No internet service,No internet service,No internet service,No internet service,No internet service,No internet service,Month-to-month,Yes,Electronic check,19.65,31.2,4841
Male,No,No,No,1,Yes,No,DSL,No,No,No,No,No,No,Month-to-month,Yes,Bank transfer (automatic),45.1,45.1,4884
Male,No,No,Yes,38,Yes,Yes,Fiber optic,No,Yes,No,No,No,No,Month-to-month,Yes,Mailed check,81.85,3141.7,3571
Female,No,No,No,3,Yes,No,Fiber optic,No,Yes,No,No,Yes,Yes,Month-to-month,Yes,Electronic check,95.1,307.4,5861
Male,No,No,No,13,No,No phone service,DSL,Yes,No,No,Yes,Yes,No,Month-to-month,Yes,Credit card (automatic),45.55,597.0,4856
Female,No,Yes,No,25,Yes,No,Fiber optic,No,No,No,Yes,Yes,Yes,Month-to-month,Yes,Electronic check,95.15,2395.7,3273
Female,No,Yes,No,50,Yes,Yes,Fiber optic,Yes,No,Yes,No,Yes,Yes,One year,Yes,Mailed check,104.4,5232.9,6100
Male,No,Yes,Yes,2,Yes,No,DSL,Yes,Yes,No,Yes,No,No,Two year,No,Mailed check,59.5,130.5,5613
Male,Yes,No,No,16,Yes,Yes,Fiber optic,No,No,No,No,Yes,No,Month-to-month,Yes,Electronic check,86.6,1281.0,2508
Female,Yes,Yes,No,60,Yes,No,Fiber optic,Yes,Yes,Yes,Yes,Yes,Yes,Two year,Yes,Bank transfer (automatic),110.0,6668.35,4953
Male,No,Yes,Yes,68,Yes,No,Fiber optic,No,Yes,Yes,Yes,Yes,Yes,One year,No,Credit card (automatic),105.75,7322.5,4437
Female,Yes,No,No,43,No,No phone service,DSL,Yes,Yes,No,No,No,No,Month-to-month,Yes,Credit card (automatic),33.45,1500.25,4757
Male,No,Yes,Yes,17,Yes,Yes,DSL,No,Yes,Yes,Yes,No,No,Month-to-month,Yes,Mailed check,66.7,1077.05,2814
Female,No,Yes,No,56,Yes,No,Fiber optic,Yes,No,Yes,No,No,No,Two year,No,Bank transfer (automatic),80.3,4513.65,6203
Female,No,Yes,Yes,1,No,No phone service,DSL,No,No,No,Yes,Yes,No,Month-to-month,No,Electronic check,40.1,40.1,5434
Female,No,Yes,Yes,72,Yes,Yes,Fiber optic,Yes,Yes,Yes,Yes,Yes,Yes,Two year,Yes,Bank transfer (automatic),118.75,8672.45,5475
Female,No,No,No,15,Yes,No,No,No internet service,No internet service,No internet service,No internet service,No internet service,No internet service,Month-to-month,No,Mailed check,19.9,320.45,3366
Male,No,No,Yes,30,Yes,Yes,No,No internet service,No internet service,No internet service,No internet service,No internet service,No internet service,One year,No,Bank transfer (automatic),25.35,723.3,5915
Female,No,Yes,Yes,22,No,No phone service,DSL,No,Yes,No,No,Yes,No,Month-to-month,No,Electronic check,39.2,849.9,3288
Female,No,No,No,48,Yes,No,Fiber optic,Yes,No,Yes,Yes,Yes,Yes,Two year,Yes,Credit card (automatic),102.5,4904.25,3262
Female,Yes,Yes,No,5,Yes,No,Fiber optic,No,No,No,No,No,No,Month-to-month,Yes,Electronic check,69.35,341.6,5437
Female,No,No,Yes,19,Yes,No,No,No internet service,No internet service,No internet service,No internet service,No internet service,No internet service,Two year,No,Mailed check,20.5,398.55,4855
Female,No,No,No,28,Yes,No,DSL,Yes,No,No,Yes,No,No,One year,No,Mailed check,54.3,1546.3,5271
Male,No,No,No,54,Yes,No,DSL,Yes,Yes,No,No,Yes,No,Two year,Yes,Bank transfer (automatic),65.3,3512.9,4556
Male,Yes,No,No,24,Yes,No,Fiber optic,No,No,No,No,No,No,Month-to-month,No,Credit card (automatic),70.0,1732.6,5242
Male,No,No,No,39,Yes,No,No,No internet service,No internet service,No internet service,No internet service,No internet service,No internet service,One year,No,Bank transfer (automatic),19.35,779.2,2607
Female,No,Yes,Yes,28,Yes,No,No,No internet service,No internet service,No internet service,No internet service,No internet service,No internet service,Month-to-month,Yes,Bank transfer (automatic),19.55,543.8,3948
Female,Yes,No,No,18,Yes,No,Fiber optic,No,Yes,No,No,No,No,Month-to-month,Yes,Electronic check,73.55,1359.45,5313
Male,No,Yes,No,33,Yes,Yes,Fiber optic,No,Yes,Yes,No,No,Yes,Month-to-month,Yes,Electronic check,93.35,3092.0,3348
Female,No,No,No,43,Yes,Yes,DSL,No,Yes,Yes,Yes,Yes,Yes,One year,No,Credit card (automatic),85.1,3662.25,2319
Female,No,Yes,Yes,71,Yes,No,DSL,Yes,No,Yes,No,Yes,Yes,Two year,No,Credit card (automatic),77.55,5574.35,5097
Female,No,Yes,No,11,Yes,No,DSL,No,No,No,No,No,No,Month-to-month,Yes,Electronic check,44.05,483.7,3200
Male,No,No,No,16,Yes,No,DSL,No,No,No,Yes,No,No,Month-to-month,Yes,Mailed check,49.45,799.0,3446
Female,No,No,No,3,Yes,Yes,Fiber optic,No,No,No,No,No,No,Month-to-month,No,Electronic check,76.1,257.6,2650
Male,No,Yes,No,63,Yes,Yes,DSL,No,Yes,No,Yes,No,Yes,Two year,No,Mailed check,67.25,4234.15,6438
Female,No,Yes,Yes,18,Yes,No,No,No internet service,No internet service,No internet service,No internet service,No internet service,No internet service,Month-to-month,Yes,Mailed check,20.25,401.95,2429
Female,No,Yes,Yes,64,Yes,Yes,Fiber optic,No,Yes,Yes,Yes,Yes,Yes,One year,Yes,Electronic check,111.45,7266.95,5129
Male,No,No,No,53,No,No phone service,DSL,No,No,Yes,Yes,Yes,Yes,One year,No,Credit card (automatic),54.9,3045.75,5677
Female,No,No,No,47,Yes,No,No,No internet service,No internet service,No internet service,No internet service,No internet service,No internet service,Two year,No,Mailed check,20.15,1046.2,2618
Male,No,Yes,Yes,24,Yes,No,DSL,Yes,Yes,No,Yes,No,Yes,Month-to-month,Yes,Credit card (automatic),70.3,1706.45,3359
Male,Yes,Yes,Yes,22,No,No phone service,DSL,Yes,No,No,No,No,Yes,Month-to-month,No,Mailed check,40.05,880.2,2061
Male,No,Yes,Yes,1,Yes,No,No,No internet service,No internet service,No internet service,No internet service,No internet service,No internet service,Month-to-month,No,Mailed check,19.9,19.9,5441
Female,No,No,No,12,Yes,No,Fiber optic,Yes,No,No,Yes,Yes,Yes,Month-to-month,Yes,Bank transfer (automatic),98.9,1120.95,5559
Male,No,No,No,43,Yes,No,Fiber optic,Yes,No,No,No,No,No,Month-to-month,Yes,Electronic check,75.2,3198.6,4673
Male,No,No,No,20,Yes,Yes,Fiber optic,No,No,Yes,No,Yes,No,Month-to-month,Yes,Electronic check,88.7,1761.45,4115
Male,Yes,No,No,24,Yes,Yes,Fiber optic,No,Yes,No,No,Yes,Yes,Month-to-month,Yes,Electronic check,101.25,2440.15,4287
Female,No,No,No,48,Yes,No,No,No internet service,No internet service,No internet service,No internet service,No internet service,No internet service,One year,No,Mailed check,19.95,936.7,3396
Female,No,Yes,Yes,62,Yes,No,DSL,Yes,No,Yes,Yes,Yes,No,One year,Yes,Bank transfer (automatic),70.75,4263.45,4133
Female,No,No,No,17,Yes,Yes,DSL,No,No,Yes,No,No,No,One year,Yes,Mailed check,55.85,937.5,5472
Male,No,Yes,Yes,23,No,No phone service,DSL,No,No,No,Yes,No,No,Month-to-month,Yes,Bank transfer (automatic),30.35,678.75,4960
Female,No,No,No,66,Yes,Yes,Fiber optic,No,No,Yes,No,Yes,No,One year,Yes,Bank transfer (automatic),92.15,6056.9,4928
Female,No,Yes,Yes,56,Yes,Yes,No,No internet service,No internet service,No internet service,No internet service,No internet service,No internet service,Two year,Yes,Credit card (automatic),24.95,1468.9,5243
Female,No,Yes,Yes,20,Yes,Yes,Fiber optic,Yes,No,No,No,No,No,Month-to-month,No,Electronic check,82.4,1592.35,5719
Male,No,Yes,Yes,0,Yes,No,No,No internet service,No internet service,No internet service,No internet service,No internet service,No internet service,Two year,No,Mailed check,19.85,0.0,2019
Female,No,No,No,7,Yes,No,Fiber optic,No,No,No,No,No,Yes,Month-to-month,Yes,Electronic check,79.3,523.15,3830
Male,No,No,No,10,Yes,No,DSL,No,No,No,No,No,No,Month-to-month,Yes,Credit card (automatic),45.8,436.2,5586
Male,No,No,No,25,Yes,No,DSL,Yes,Yes,No,Yes,Yes,Yes,Month-to-month,Yes,Mailed check,79.0,1902.0,5263
Male,Yes,No,No,19,Yes,Yes,Fiber optic,No,Yes,No,No,Yes,No,Month-to-month,Yes,Electronic check,88.2,1775.8,5683
Male,No,No,No,1,Yes,Yes,DSL,No,Yes,No,No,No,No,Month-to-month,No,Electronic check,54.3,54.3,3259
Female,No,Yes,No,34,Yes,Yes,No,No internet service,No internet service,No internet service,No internet service,No internet service,No internet service,Two year,No,Credit card (automatic),24.95,894.3,5408
Female,No,No,No,15,Yes,Yes,Fiber optic,No,Yes,No,No,No,No,Month-to-month,Yes,Electronic check,79.75,1111.85,2813
Male,No,Yes,Yes,72,Yes,Yes,Fiber optic,Yes,Yes,Yes,Yes,Yes,Yes,Two year,No,Bank transfer (automatic),114.55,8306.05,6158
Female,No,Yes,Yes,54,Yes,Yes,DSL,Yes,No,No,Yes,No,No,Two year,No,Bank transfer (automatic),60.0,3273.95,4798
Female,No,Yes,No,55,Yes,No,DSL,Yes,Yes,No,Yes,No,No,Two year,No,Mailed check,56.8,3112.05,4702
Female,No,No,No,23,Yes,Yes,Fiber optic,No,Yes,No,No,Yes,Yes,Month-to-month,Yes,Credit card (automatic),98.7,2249.1,5781
Female,Yes,Yes,No,68,Yes,Yes,Fiber optic,No,Yes,No,No,Yes,Yes,Month-to-month,Yes,Electronic check,100.2,6851.65,4481
Female,No,No,No,29,Yes,Yes,Fiber optic,No,No,No,No,No,No,Month-to-month,Yes,Credit card (automatic),76.0,2215.25,5324
Female,No,Yes,Yes,40,Yes,No,No,No internet service,No internet service,No internet service,No internet service,No internet service,No internet service,Two year,No,Bank transfer (automatic),20.15,777.35,3556
Female,No,Yes,No,12,Yes,Yes,Fiber optic,No,Yes,Yes,No,No,No,Month-to-month,Yes,Electronic check,84.5,916.9,4154
Male,No,No,No,5,Yes,Yes,Fiber optic,No,Yes,Yes,No,No,Yes,Month-to-month,No,Electronic check,96.55,500.1,3787
Female,No,No,No,9,No,No phone service,DSL,Yes,No,Yes,Yes,Yes,Yes,Month-to-month,No,Mailed check,58.5,539.85,3032
Male,No,No,No,63,Yes,Yes,Fiber optic,Yes,Yes,Yes,Yes,Yes,No,One year,No,Credit card (automatic),104.5,6590.8,4908
Male,No,No,No,1,Yes,No,DSL,Yes,No,No,No,No,No,Month-to-month,No,Mailed check,51.25,51.25,4483
Female,Yes,Yes,No,43,No,No phone service,DSL,No,Yes,Yes,No,Yes,Yes,Month-to-month,No,Credit card (automatic),55.55,2342.2,2573
Female,No,Yes,No,71,Yes,Yes,Fiber optic,No,Yes,Yes,Yes,Yes,Yes,Two year,No,Electronic check,109.25,7707.7,5044
Male,No,No,No,2,Yes,No,DSL,No,No,No,No,No,No,Month-to-month,No,Bank transfer (automatic),46.05,80.35,4662
Female,Yes,No,No,25,Yes,Yes,Fiber optic,Yes,Yes,No,No,Yes,Yes,Month-to-month,Yes,Mailed check,102.8,2660.2,4969
Female,No,Yes,No,24,Yes,No,No,No internet service,No internet service,No internet service,No internet service,No internet service,No internet service,One year,No,Credit card (automatic),20.4,482.8,3071
Male,No,No,No,6,Yes,No,No,No internet service,No internet service,No internet service,No internet service,No internet service,No internet service,Month-to-month,No,Mailed check,20.65,109.3,3266
